7036
123960
124202
148878
160556
207968
207976
207980
212226
221166
221188
221192
221202
221220
221278
221280
221282
221322
221340
221360
221364
221374
221376
221384
229946
236234
236360
241574
245570
245572
249934
249978
250540
271046
299264
332082
332158
332160
332162
332164
332166
332168
332170
332172
332174
332176
332178
332180
332182
332184
333502
334082
334084
334086
334094
334096
334100
334102
334104
334108
334110
334112
334114
334118
334120
334122
334220
334222
334224
334230
334232
334234
334236
334238
334240
337876
337880
337882
338052
338082
338120
338124
338132
338134
338136
338138
338140
338142
338144
338146
338208
338256
342912
342914
342918
342922
342924
342926
342928
342930
343144
343146
343148
343152
343932
344514
350368
350534
351868
351870
351872
351874
351878
351880
351882
351884
351886
351888
351892
351894
351896
351900
351902
351906
351908
351910
351912
351914
351918
351920
361892
361894
361896
361898
361900
361902
361904
361906
361908
361910
361912
365092
365568
365580
367528
367546
367754
367762
369098
369160
369714
369746
370188
370250
370252
370254
370256
370258
370260
370262
370266
370270
371378
371396
371416
373912
374710
374716
374966
374968
374972
374974
374976
374978
374980
374984
374986
374992
374994
376052
376110
376112
376114
376116
376120
376122
376144
376146
376148
376150
376152
376156
376162
376172
376178
376184
376186
376188
376294
376450
376452
376454
376456
376460
376462
376466
376468
376470
376472
376474
376476
376478
376480
376482
376484
376486
376488
376492
376494
376572
376574
376576
376578
376580
376582
376584
378210
378214
378216
378218
378220
378222
378224
378226
378228
378230
378232
378234
378236
378238
378240
378242
378244
378246
378248
378250
378252
378254
378256
378258
378260
378262
378264
378266
378270
379272
379274
379278
379280
379294
379296
379298
379300
379302
379308
379612
379614
379616
379618
379620
379628
379630
379652
379656
379896
381084
381140
381258
385414
387650
387670
387684
387716
389080
389184
389186
389188
389190
389192
389194
392182
392596
392600
392604
393400
393452
394224
394260
394294
395104
395106
395108
395110
395112
395114
395120
395126
395128
395130
395132
395136
397682
397684
397688
397690
397692
397694
397696
397698
398376
398396
398404
398424
398534
398536
399398
400618
400620
400622
400624
400626
401692
401694
401698
402644
405936
405940
405942
405944
408188
408190
408192
415730
415732
415734
415736
415738
416104
416138
416140
416192
416210
416246
416556
416558
416560
416562
416564
416566
416568
417122
418866
418868
418870
418920
418922
418924
418926
418930
418932
419216
419218
419220
419222
419226
419494
419496
419498
419504
419506
419508
419642
419644
419646
419652
419654
419656
419658
419660
419662
419664
419666
419668
419670
419744
419748
419752
419762
419770
419772
419982
419984
419986
419988
419990
419992
419994
419996
419998
420000
420002
420004
420006
420112
420114
420116
420122
420124
420126
420336
420338
420340
420342
420344
420346
420348
420350
420352
420354
420356
420358
420360
420410
420412
420414
420420
420422
420424
420426
420870
420872
420874
420876
421432
421436
421438
421440
421442
421452
421454
421456
421662
421664
421666
421668
421670
421674
421684
423386
423388
423390
423392
423394
423396
423398
423400
423402
423404
423406
423408
423410
423412
423414
424118
424120
424122
424124
424126
424128
424130
424132
424134
424138
424140
424774
424818
424820
424822
424824
424826
424828
426512
426532
427616
427682
427684
427696
427702
427708
427714
427778
427782
428466
429080
429082
429084
429086
429088
429090
429092
429094
429096
429098
429100
429102
429106
429602
429604
429606
429610
429614
429616
429618
429620
429624
429628
429636
430324
430326
430328
430330
430332
430334
430336
430342
430344
430346
430348
430350
430352
430354
430474
430476
430478
430480
430482
430484
430486
430494
430496
430498
430500
430502
430504
430506
430576
430884
430886
430888
430890
430892
430894
430896
430900
430902
430904
430906
430908
430910
430912
431026
431028
431030
431032
431034
431036
431038
431046
431048
431050
431052
431054
431056
431058
431462
431464
431466
431468
431470
431472
431474
431476
431478
431480
431482
431486
431488
431490
431588
431590
431592
431594
431596
431598
431600
431602
431610
431612
431614
431618
431620
431622
432000
432002
432004
432006
432008
432010
432012
432016
432018
432020
432022
432024
432026
432028
432142
432144
432146
432148
432150
432152
432154
432162
432164
432166
432168
432170
432172
432174
432912
432914
432916
432918
432920
432922
432924
432928
432930
432932
432934
432936
432938
432940
433054
433056
433058
433060
433062
433064
433066
433074
433076
433078
433080
433082
433084
433086
433492
433494
433496
433498
433500
433502
433504
433506
433508
433510
433512
433514
433516
433518
433612
433614
433616
433618
433620
433622
433624
433626
433634
433636
433638
433640
433642
433644
433732
433734
433736
433738
433740
433742
433744
433746
433754
433756
433758
433760
433762
433764
433872
433874
433876
433878
433880
433882
433884
433888
433890
433892
433894
433896
433898
433900
434014
434016
434018
434020
434022
434024
434026
434034
434036
434038
434040
434042
434044
434046
434152
434154
434156
434158
434160
434162
434164
434172
434174
434176
434178
434180
434182
434184
434270
434272
434274
434276
434278
434280
434282
434284
434286
434288
434290
434292
434294
434296
434378
434380
434382
434384
434386
434388
434390
434392
434396
434398
434400
434402
434404
434406
434486
434488
434490
434492
434494
434496
434498
434500
434504
434506
434508
434510
434512
434514
434564
434566
434568
434570
434572
434576
434578
434580
434626
434628
434630
434632
434634
434694
434696
434698
434700
434702
434704
434706
434708
434710
434796
434798
434800
434802
434804
434806
434808
434810
434812
434814
434816
434818
434896
434898
434900
434902
434904
434906
434908
434910
434912
434914
434916
434918
434920
434922
435018
435020
435022
435024
435026
435028
435030
435032
435034
435036
435038
435040
435042
435044
435150
435152
435154
435156
435158
435160
435162
435164
435176
435178
435180
435182
435184
435186
435282
435284
435286
435288
435290
435292
435294
435296
435308
435310
435312
435314
435316
435318
435434
435436
435438
435440
435442
435444
435446
435450
435452
435454
435456
435458
435460
435462
435596
435598
435600
435602
435604
435606
435608
435620
435622
435624
435626
435628
435630
435632
435758
435760
435762
435764
435766
435768
435770
435782
435784
435786
435788
435790
435792
435794
435896
435898
435900
435902
435904
435906
435908
435910
435912
435914
435916
435918
435996
435998
436000
436002
436004
436006
436010
436012
436014
436016
436018
436020
436092
436094
436096
436098
436100
436102
436106
436108
436110
436112
436114
436116
436582
436584
436586
436588
436590
436592
436594
436596
436598
436600
436602
436604
436606
436608
436702
436704
436706
436708
436710
436712
436714
436716
436724
436726
436728
436730
436732
436734
437008
437010
437012
437014
437016
437018
437020
437022
437024
437026
437028
437030
437032
437034
437128
437130
437132
437134
437136
437138
437140
437142
437150
437152
437154
437156
437158
437160
437442
437444
437446
437448
437450
437452
437454
437456
437458
437460
437462
437466
437468
437470
437472
437574
437576
437578
437580
437582
437584
437586
437588
437596
437598
437600
437602
437604
437608
437610
438006
438008
438010
438012
438014
438016
438018
438020
438022
438024
438026
438028
438030
438032
438034
438036
438362
438364
438366
438368
438370
438372
438374
438378
438380
438382
438384
438386
438388
438390
438666
438668
438670
438672
438674
438676
438678
438680
438682
438684
438686
438690
438692
439110
439112
439114
439116
439118
439120
439122
439126
439128
439130
439132
439134
439136
439138
442552
442554
442556
442558
442560
442562
442564
442566
442568
442570
442572
442642
442644
442646
442650
442652
442656
442658
442660
442662
442900
442902
442904
442912
442914
442918
442920
443320
443322
443830
443842
443844
444222
444260
444296
444298
444700
444724
444726
445768
445788
445790
446148
446176
446178
446934
446952
447480
447482
447484
447486
447488
447490
447492
447494
447496
447498
447500
447502
447504
447506
447508
447510
447512
447514
447516
447518
447520
447522
447524
447526
447528
447530
447532
447534
447536
447538
447540
447894
447896
447898
447900
447902
447904
447906
447916
447918
447920
447924
447926
447928
447930
447932
447934
447936
447938
447940
447942
447944
447946
447948
447954
447956
447958
447960
447962
447964
447966
447968
447970
447972
447978
447980
447982
447984
447986
447988
447990
447992
447994
447996
448206
448208
448210
448212
448214
448216
448218
448220
448222
448224
448228
448230
448232
448234
448236
448238
448240
448242
448244
448246
448250
448252
448254
448256
448258
448260
448262
448264
448266
448268
448270
448272
448274
448278
448280
448282
448284
448286
448288
448290
448292
448294
448296
448506
448508
448510
448512
448514
448516
448518
448520
448522
448524
448528
448530
448532
448534
448536
448538
448540
448542
448544
448546
448550
448552
448554
448556
448558
448560
448562
448564
448566
448568
448570
448572
448574
448578
448580
448582
448584
448586
448588
448590
448592
448594
448596
448806
448808
448810
448812
448814
448816
448818
448820
448822
448824
448828
448830
448832
448834
448836
448838
448840
448842
448844
448846
448850
448852
448854
448856
448858
448860
448862
448864
448866
448868
448870
448872
448874
448878
448880
448882
448884
448886
448888
448890
448892
448894
448896
449106
449108
449110
449112
449114
449116
449118
449120
449122
449124
449128
449130
449132
449134
449136
449138
449140
449142
449144
449146
449150
449152
449154
449156
449158
449160
449162
449164
449166
449168
449170
449172
449174
449178
449180
449182
449184
449186
449188
449190
449192
449194
449196
449456
449466
449468
449472
449490
449492
449494
449496
449498
449506
449508
449926
449928
449930
449932
449942
449944
449946
449952
449956
449958
449960
449962
449964
449968
449970
449972
449974
449976
449978
450536
450538
450540
450542
450544
450546
450548
450550
450552
450554
450556
450558
450560
450562
450564
450566
450568
450570
450572
450574
450576
450578
450580
450582
450584
450586
450588
450716
450718
450720
450722
450724
450726
450728
450730
450732
450734
450736
450738
450740
450742
450744
450746
450748
450750
450752
450754
450756
450758
450760
450762
450764
450766
450768
450896
450898
450900
450902
450904
450906
450908
450910
450912
450914
450916
450918
450920
450922
450924
450926
450928
450930
450932
450934
450936
450938
450940
450942
450944
450946
450948
451076
451078
451080
451082
451084
451086
451088
451090
451092
451094
451096
451098
451100
451102
451104
451106
451108
451110
451112
451114
451116
451118
451120
451122
451124
451126
451128
451256
451258
451260
451262
451264
451266
451268
451270
451272
451274
451276
451278
451280
451282
451284
451286
451288
451290
451292
451294
451296
451298
451300
451302
451304
451306
451308
451604
451606
451608
451610
451612
451614
451616
451618
451620
451622
451624
451626
451628
451630
451632
451990
451994
452000
452002
452004
452010
452012
452014
452016
452018
452020
452022
452024
452026
452028
452030
452032
452034
452134
452136
452138
452140
452142
452144
452146
452148
452150
452152
452154
452156
452158
452160
452162
452164
452166
452168
452172
452252
452254
452256
452258
452260
452262
452264
452266
452268
452270
452272
452276
452278
452280
452404
452406
452410
452412
452414
452416
452418
452424
452432
452434
452436
452438
452442
452444
452446
452448
452450
452452
452454
452554
452556
452558
452560
452562
452564
452566
452568
452570
452572
452574
452576
452578
452580
452584
452586
452588
452590
452692
452694
452696
452698
452700
452702
452704
452706
452708
452710
452712
452714
452716
452718
452720
452724
452726
452728
455370
455372
455374
455376
455378
455380
455390
455392
455394
455396
455398
455400
455402
455404
455406
455408
455410
455412
455414
455416
455418
455420
455422
455424
455426
455432
455434
455436
455438
455440
455442
455444
455446
455448
455450
455452
455454
455456
455458
455460
455462
455464
455466
455468
455470
455472
455474
455478
455480
455482
455484
455486
455488
455490
455492
455494
455496
455498
455500
455502
455504
455506
455508
455510
455512
455514
455516
455518
455520
455522
455524
455526
455528
455530
455532
455534
455536
455538
455540
455542
455544
455546
455548
455550
455552
455554
455556
455558
455560
455562
455564
455566
455568
455570
455572
455574
455576
455578
455580
455582
455584
455586
455588
455590
455592
455594
455596
455600
455602
455604
455606
455608
455610
455612
455614
455616
455618
455620
455622
455624
455626
455628
455630
455632
455634
455636
455638
455640
455642
455644
455646
455648
455650
455652
455654
455660
455662
455664
455666
455668
455670
455672
455674
455676
455678
455680
455682
455684
455686
455688
455690
455692
455694
455696
455698
455700
455702
455704
455706
455708
455710
455712
455714
455716
455718
455720
455722
455724
455726
455728
455730
455732
455734
455736
455738
455740
455742
455744
455746
455748
455750
455752
455754
455756
455758
455760
455762
455764
455766
455768
455770
455772
455774
455776
455778
455780
455782
455784
455786
455788
455790
455792
455794
455796
455798
455800
455802
455804
455806
455808
455810
455812
455814
455816
455818
455820
455822
455824
455826
455828
455830
455832
455834
455836
455838
455840
455842
455844
455846
455848
455850
455856
455858
455860
455862
455864
455866
455868
455870
455872
455874
455876
455878
455880
455882
455884
455886
455888
455890
455892
455894
455896
455898
455900
455902
455904
455906
455908
455910
455912
455914
455916
455918
455920
455922
455924
455926
455928
455930
455932
455934
455936
455938
455940
455942
455944
455946
455948
455950
455952
455954
455956
455958
455960
455962
455964
455966
455968
455970
455972
455974
455976
455978
455980
455982
455984
455986
455988
455990
455992
455994
455996
455998
456000
456002
456004
456006
456008
456010
456012
456014
456016
456018
456020
456022
456024
456026
456028
456030
456032
456034
456036
456038
456040
456042
456044
456046
456048
456050
456052
456054
456056
456058
456060
456062
456064
456066
456068
456072
456074
456076
456078
456080
456082
456084
456086
456088
456090
456094
456096
456098
456100
456102
456104
456106
456108
456110
456112
456114
456116
456118
456120
456122
456124
456126
456128
456130
456132
456134
456136
456138
456140
456142
456144
456146
456148
456150
456152
456154
456156
456158
456160
456162
456164
456166
456168
456170
456172
456174
456176
456178
456180
456182
456184
456186
456188
456190
456192
456194
456196
456198
456200
456202
456204
456206
456208
456210
456212
456214
456216
456218
456220
456222
456226
456228
456230
456232
456234
456236
456238
456240
456242
456244
456246
456248
456250
456252
456254
456256
456258
456260
456262
456264
456266
456268
456270
456272
456274
456276
456278
456280
456282
456284
456286
456288
456290
456292
456294
456296
456298
456300
456302
456304
456306
456308
456310
456312
456314
456316
456318
456320
456322
456324
456326
456328
456330
456332
456334
456336
456338
456340
456342
456344
456346
456348
456350
456352
456354
456356
456358
456360
456482
456484
456486
456488
456490
456492
456494
456496
456498
456500
456502
456504
456506
456508
456510
456512
456514
456516
456518
456520
456522
461334
461338
461340
461342
461344
461346
461350
461352
461354
461356
461358
461360
461366
461368
461370
461372
461378
461380
461382
461384
461386
461388
461390
461416
461418
461420
461424
461428
461430
461432
461448
461450
461452
461454
461456
461458
461460
461462
461466
461468
461470
461472
461478
461486
461488
461490
461492
461494
461496
461498
461500
461502
461506
461508
461510
461516
461518
461520
461522
461526
461530
461532
461534
461536
461538
461540
461542
461546
461548
461550
461552
461554
461556
461558
461560
461562
461564
461566
461568
461570
461572
461574
461576
461578
461580
461586
461588
461590
461592
461594
461596
461598
461600
461602
461604
461614
461616
461618
461620
461622
461624
461626
461638
461646
461650
461652
461654
461656
461658
461660
461664
461666
461668
461670
461672
461680
461690
461694
461696
461698
461700
461702
461704
461706
461714
461730
461732
461734
461738
461740
461742
461744
461752
461754
461758
461760
461768
461770
461772
461774
461776
461784
461788
461790
461794
461796
461802
461806
461814
461816
461818
461820
461822
461826
461828
461832
461836
461842
461848
461850
461854
461856
461858
461860
461866
461868
461870
461872
461874
461882
461884
461886
461890
461892
461894
461896
461900
461904
461906
461908
461910
461918
461920
461922
461924
461926
461936
461938
461942
461950
461952
461954
461956
461958
461960
461962
461964
461966
461968
461978
461982
461988
461994
461996
461998
462000
462008
462016
462022
462028
462030
462032
462036
462054
462058
462060
462066
462072
462074
462076
462082
462084
462086
462088
462090
462092
462094
462096
462098
462100
462102
462104
462106
462108
462110
462112
462114
462116
462118
462126
462130
462132
462136
462138
462140
462142
462144
462146
462148
462150
462152
462154
462156
462162
462164
462166
462168
462170
462172
462174
462176
462178
462180
462184
462186
462188
462192
462196
462202
462204
462206
462214
462218
462220
462230
462232
462234
462240
462246
462248
462250
462252
462254
462256
462258
462260
462262
462264
462266
462268
462270
462272
462274
462276
462278
462280
462282
462284
462286
462288
462290
462292
462294
462296
462298
462300
462302
462304
462306
462312
462314
462316
462318
462320
462342
462344
462348
462352
462358
462360
462362
462364
462368
462370
462372
462374
462376
462378
462380
462382
462384
462386
462388
462390
462392
462394
462396
462402
462404
462408
462416
462420
462426
462430
462432
462434
462436
462438
462440
462442
462444
462446
462448
462450
462452
462454
462456
462458
462466
462468
462470
462472
462474
462476
462478
462480
462482
462484
462486
462488
462490
462492
462494
462498
462500
462506
462508
462510
462512
462514
462516
462520
462522
462524
462526
462528
462530
462532
462534
462536
462538
462540
462542
462544
462546
462554
462560
462562
462564
462566
462568
462570
462580
462586
462588
462590
462592
462594
462596
462598
462600
462602
462604
462606
462608
462610
462612
462616
462618
462622
462624
462626
462628
462636
462644
462646
462648
462650
462652
462654
462656
462658
462660
462662
462664
462666
462670
462672
462674
462676
462678
462680
462682
462684
462686
462688
462690
462692
462694
462696
462698
462704
462706
462708
462710
462712
462714
462716
462718
462720
462722
462724
462726
462728
462730
462732
462734
462736
462738
462740
462742
462744
462746
462748
462750
462752
462754
462756
462758
462760
462762
462766
462768
462770
462772
462774
462776
462778
462780
462782
462784
462786
462788
462790
462792
462794
462796
462798
462800
462804
462806
462810
462814
462816
462818
462820
462824
462826
462828
462830
462832
462834
462836
462838
462840
462846
462848
462850
462852
462854
462856
462860
462862
462864
462866
462868
462870
462872
462874
462876
462878
462882
462884
462886
462888
462890
462892
462896
462898
462900
462902
462904
462906
462908
462910
462912
462914
462916
462918
462920
462922
462926
462928
462930
462932
462938
462940
462942
462944
462946
462948
462950
462952
462954
462956
462962
462966
462972
462976
462978
462980
462982
462984
462986
462988
462994
462996
462998
463000
463002
463004
463006
463016
463018
463030
463034
463036
463038
463040
463042
463046
463048
463050
463052
463054
463056
463058
463060
463062
463064
463066
463068
463070
463072
463074
463076
463078
463080
463084
463086
463090
463092
463114
463120
463124
463126
463128
463130
463132
463134
463140
463146
463148
463152
463154
463156
463158
463160
463162
463164
463166
463168
463170
463182
463184
463186
463188
463190
463192
463194
463196
463198
463200
463202
463204
463206
463208
463210
463212
463218
463228
463234
463236
463238
463240
463242
463244
463246
463248
463250
463252
463256
463258
463260
463262
463266
463268
463270
463272
463274
463276
463278
463280
463282
463284
463286
463288
463290
463292
463294
463296
463298
463300
463302
463304
463306
463308
463310
463318
463320
463322
463324
463326
463330
463332
463334
463336
463338
463340
463342
463346
463348
463350
463352
463354
463358
463360
463364
463372
463374
463376
463378
463380
463382
463384
463388
463390
463392
463394
463396
463398
463400
463402
463404
463406
463408
463410
463412
463414
463416
463418
463420
463422
463424
463426
463428
463430
463432
463434
463436
463438
463440
463442
463444
463446
463448
463450
463454
463456
463458
463464
463466
463468
463470
463472
463474
463476
463478
463480
463484
463486
463488
463490
463492
463494
463496
463500
463502
463504
463506
463510
463512
463514
463516
463518
463520
463522
463524
463526
463528
463530
463532
463536
463538
463540
463542
463544
463546
463548
463550
463552
463554
463556
463558
463560
463562
463564
463566
463568
463570
463572
463574
463576
463578
463580
463582
463584
463586
463588
463590
463592
463594
463596
463598
463600
463602
463604
463606
463608
463610
463612
463614
463616
463618
463620
463626
463628
463632
463636
463640
463642
463646
463648
463650
463652
463654
463666
463668
463670
463672
463674
463678
463680
463682
463710
463712
463714
463716
463718
463720
463722
463724
463726
463946
463948
463950
463952
463954
463956
463958
463960
463962
463964
463966
463968
463970
463974
463976
463978
463980
463982
463984
463986
463988
463990
463992
463994
463998
464000
464002
464004
464006
464008
464010
464012
464014
464016
464018
464020
464022
464024
464026
464028
464030
464032
464034
464036
464038
464040
464042
464044
464046
464622
464624
464626
464628
464630
464632
464634
464636
464638
464640
464642
464644
464646
464648
464650
464652
464654
464656
464658
464660
464662
464664
464666
464668
464670
464672
464674
464676
464678
464680
464682
464684
464686
464688
464690
464692
464694
464696
464698
464700
464702
464704
464706
464708
464710
464714
464716
464718
464720
464722
464724
464726
464728
464730
464732
464734
464736
464738
464740
464742
464744
464746
464748
464750
464752
464754
464756
464758
464760
464762
464764
464766
464768
464770
464772
464774
464776
464778
464780
464782
464784
464786
464788
464790
464792
464794
464796
464798
464800
464802
464808
464810
464812
464814
464816
464818
464820
464822
464824
464826
464828
464830
464832
464834
464836
464838
464840
464842
464844
464846
464848
464850
464852
464854
464856
464858
464860
464862
464864
464866
464868
464870
464872
464874
464876
464878
464880
464882
464884
464886
464888
464890
464892
464894
464896
464898
475334
475340
475342
475344
475346
475348
475350
475356
475358
475360
475362
475364
475366
475368
475370
475372
475374
475376
475380
475384
475388
475390
475394
475396
475398
475400
475402
475404
475406
475408
475410
475412
475414
475416
475418
475426
475428
475430
475432
475434
475436
475438
475440
475442
475444
475446
475448
475450
475452
475454
475456
475458
475460
475462
475464
475466
475468
475470
475472
475474
475476
475478
475480
475482
475484
475486
475488
475490
475492
475494
475496
475498
475500
475502
475504
475506
475508
475510
475512
475516
475518
475520
475522
475524
475526
475528
475530
475532
475534
475536
475538
475540
475542
475544
475546
475548
475550
475552
475554
475556
475558
475560
475562
475564
475566
475568
475572
475574
475576
475578
475580
475582
475584
475586
475588
475590
475592
475594
475596
475598
475600
475602
475606
475608
475610
475612
475614
475616
475618
475622
475624
475626
475628
475630
475632
475634
475636
475638
475640
475642
475644
475646
475648
475650
475652
475654
475656
475658
475660
475662
475664
475666
475668
475670
475672
475674
475676
475678
475680
475682
475684
475686
475688
475690
475692
475694
475696
475698
475700
475702
475704
475706
475708
475710
475712
475714
475716
475718
475720
475722
475724
475726
475728
475730
475732
475734
475738
475740
475742
475744
475746
475748
475750
475752
475754
475756
475758
475760
475762
475764
475766
475768
475770
475772
475774
475776
475778
475780
475782
475784
475786
475788
475790
475792
475794
475796
475798
475800
475802
475804
475808
475810
475812
475814
475816
475818
475820
475822
475824
475826
475828
475830
475832
475834
475836
475838
475840
475842
475844
475846
475848
475850
475852
475860
475862
475864
475866
475868
475870
475872
475874
475876
475878
475880
475882
475884
475886
475888
475890
475892
475894
475896
475898
475900
475902
475904
475906
475908
475910
475912
475916
475918
475920
475922
475924
475926
475928
475930
475932
475934
475936
475938
475940
475942
475944
475946
475948
475950
475952
475954
475956
475958
475960
475962
475964
475966
475968
475970
475972
475974
475976
475978
475980
475982
475984
475986
475988
475990
475992
475994
475996
475998
476000
476002
476004
476006
476008
476010
476012
476014
476016
476018
476020
476022
476024
476026
476028
476030
476032
476036
476038
476040
476042
476044
476046
476048
476050
476052
476054
476056
476058
476060
476062
476064
476066
476068
476070
476072
476074
476076
476078
476080
476082
476084
476086
476088
476090
476092
476094
476096
476098
476100
476102
476104
476106
476108
476110
476112
476114
476116
476118
476120
476122
476124
476126
476128
476130
476136
476138
476140
476142
476144
476146
476148
476150
476152
476154
476156
476158
476160
476162
476164
476166
476168
476170
476172
476174
476176
476178
476180
476182
476186
476188
476190
476192
476194
476196
476198
476200
476202
476204
476206
476208
476210
476212
476214
476216
476218
476220
476222
476224
476226
476228
476230
476232
476234
476236
476238
476240
476242
476244
476246
476248
476250
476252
476254
476256
476258
476260
476262
476264
476266
476268
476274
476276
476278
476280
476282
476284
476286
476290
476296
476298
476300
476302
476304
476308
476310
476312
476314
476316
476318
476320
476322
476324
476326
476328
476330
476332
476334
476336
476338
476340
476342
476344
476346
476348
476350
476352
476354
476356
476358
476362
476364
476366
476368
476370
476372
476374
476376
476378
476380
476382
476384
476386
476388
476390
476392
476394
476396
476398
476400
476402
476404
476406
476408
476410
476412
476414
476416
476418
476420
476422
476424
476426
476428
476430
476432
476434
476436
476438
476440
476442
476444
476446
476448
476450
476452
476456
476458
476460
476462
476464
476466
476468
476472
476476
476480
476482
476484
476486
476488
476494
476496
476498
476500
476502
476504
476506
476508
476510
476512
476514
476516
476520
476522
476524
476526
476528
476530
476532
476536
476540
476542
476544
476546
476548
476550
476552
476556
476558
476560
476562
476564
476566
476568
476570
476572
476574
476576
476578
476580
476582
476584
476586
476588
476590
476592
476594
476598
476600
476602
476604
476608
476610
476612
476614
476616
476618
476620
476622
476624
476626
476628
476630
476632
476634
476636
476638
476640
476642
476644
476646
476648
476650
476652
476654
476656
476658
476660
476662
476664
476666
476668
476670
476672
476674
476676
476678
476680
476682
476684
476686
476688
476690
476692
476694
476696
476698
476700
476702
476704
476706
476708
476710
476712
476714
476716
476718
476720
476722
476724
476726
476728
476730
476732
476734
476736
476738
476740
476742
476744
476748
476750
476752
476754
476756
476760
476762
476764
476766
476768
476770
476772
476774
476776
476778
476780
476782
476784
476786
476788
476790
476792
476794
476796
476798
476800
476802
476804
476806
476808
476810
476812
476814
476816
476818
476820
476822
476824
476830
476832
476834
476836
476838
476840
476842
476844
476846
476848
476850
476854
476856
476858
476860
476862
476866
476868
476870
476872
476874
476876
476878
476882
476884
476886
476888
476890
476892
476894
476896
476898
476900
476902
476904
476906
476908
476910
476912
476914
476916
476918
476920
476922
476924
476926
476928
476930
476932
476934
476936
476938
476940
476944
476946
476948
476950
476952
476954
476958
476960
476962
476964
476966
476968
476970
476972
476974
476976
476978
476980
476982
476984
476986
476988
476990
476992
476994
476996
476998
477000
477002
477004
477006
477008
477010
477012
477014
477016
477018
477020
477022
477024
477026
477028
477030
477032
477034
477036
477038
477040
477042
477044
477046
477048
477050
477054
477056
477058
477060
477062
477064
477066
477070
477072
477074
477076
477078
477080
477082
477084
477086
477088
477090
477092
477094
477096
477098
477104
477106
477108
477110
477112
477114
477116
477118
477120
477122
477124
477126
477128
477130
477132
477134
477136
477138
477140
477142
477144
477146
477148
477150
477152
477154
477156
477158
477160
477162
477166
477168
477170
477172
477176
477178
477180
477182
477184
477186
477190
477192
477194
477196
477198
477200
477202
477204
477206
477208
477210
477212
477214
477216
477218
477220
477222
477224
477226
477228
477230
477232
477234
477236
477238
477240
477242
477244
477246
477248
477250
477252
477254
477256
477258
477260
477262
477264
477266
477268
477270
477272
477274
477276
477278
477280
477282
477286
477288
477290
477292
477294
477296
477298
477300
477302
477304
477308
477310
477312
477314
477316
477318
477320
477322
477324
477326
477328
477330
477332
477334
477336
477338
477340
477342
477344
477346
477348
477350
477352
477354
477358
477360
477362
477364
477366
477368
477370
477372
477374
477376
477380
477382
477384
477386
477388
477390
477392
477394
477396
477398
477400
477402
477404
477406
477408
477410
477412
477414
477416
477418
477420
477422
477424
477426
477428
477430
477432
477434
477436
477438
477440
477442
477444
477446
477448
477450
477452
477454
477458
477460
477462
477464
477466
477468
477470
477472
477476
477478
477480
477484
477486
477488
477490
477492
477494
477496
477498
477500
477502
477504
477506
477508
477510
477512
477514
477516
477518
477520
477522
477524
477526
477528
477530
477532
477536
477538
477540
477542
477544
477546
477548
477550
477552
477554
477556
477558
477560
477562
477564
477566
477568
477570
477572
477574
477576
477578
477580
477582
477584
477586
477588
477590
477592
477594
477596
477598
477600
477602
477604
477606
477608
477610
477612
477614
477616
477618
477620
477622
477624
477626
477630
477632
477634
477636
477638
477640
477642
477644
477646
477648
477650
477652
477654
477656
477658
477660
477662
477664
477666
477668
477670
477672
477674
477676
477678
477680
477682
477684
477686
477688
477690
477692
477694
477696
477698
477700
477702
477704
477706
477708
477710
477712
477714
477716
477718
477720
477722
477724
477726
477728
477730
477732
477734
477736
477738
477740
477742
477744
477746
477748
477750
477752
477754
477756
477758
477760
477762
477764
477766
477768
477770
477772
477774
477776
477778
477780
477782
477784
477788
477790
477792
477794
477796
477798
477800
477802
477804
477806
477808
477810
477812
477814
477816
477818
477822
477824
477826
477828
477830
477832
477834
477836
477838
477840
477842
477844
477846
477848
477850
477852
477854
477856
477858
477860
477862
477864
477866
477868
477870
477872
477874
477876
477882
477886
477888
477890
477892
477894
477896
477898
477900
477902
477904
477906
477908
477910
477912
477914
477916
477920
477922
477924
477926
477928
477930
477932
477934
477936
477938
477940
477942
477944
477946
477948
477950
477952
477954
477958
477960
477962
477964
477966
477968
477970
477972
477974
477976
477978
477980
477982
477984
477986
477988
477990
477992
477994
477996
477998
478000
478002
478008
478012
478014
478016
478018
478020
478022
478026
478032
478034
478036
478038
478040
478042
478044
478046
478048
478050
478052
478054
478056
478058
478060
478062
478064
478066
478068
478070
478072
478074
478076
478078
478080
478082
478086
478088
478090
478092
478094
478096
478098
478102
478108
478110
478112
478114
478116
478118
478120
478122
478124
478126
478128
478130
478132
478134
478136
478140
478142
478144
478146
478148
478150
478152
478154
478156
478158
478174
478176
478178
478180
478182
478184
478186
478188
478190
478192
478194
478196
478198
478200
478202
478204
478212
478214
478216
478218
478220
478222
478224
478226
478228
478230
478232
478236
478238
478240
478242
478244
478246
478248
478250
478252
478254
478256
478258
478262
478264
478266
478268
478270
478272
478274
478276
478278
478280
478282
478284
478286
478288
478290
478292
478294
478296
478298
478300
478304
478306
478308
478312
478314
478316
478318
478320
478322
478324
478326
478328
478330
478332
478334
478336
478338
478340
478342
478344
478346
478348
478350
478352
478354
478356
478358
478360
478362
478364
478366
478368
478370
478372
478374
478378
478380
478382
478384
478386
478388
478390
478394
478396
478398
478400
478402
478404
478406
478408
478410
478412
478414
478416
478418
478420
478422
478424
478426
478428
478430
478432
478434
478436
478438
478440
478442
478444
478446
478448
478450
478452
478454
478456
478458
478460
478462
478464
478466
478468
478470
478472
478474
478476
478478
478480
478482
478484
478486
478488
478490
478492
478494
478496
478498
478500
478502
478504
478506
478508
478510
478512
478514
478516
478518
478520
478522
478524
478526
478528
478530
478532
478534
478536
478538
478540
478542
478544
478546
478548
478550
478552
478554
478556
478558
478560
478562
478564
478566
478568
478570
478572
478574
478576
478578
478580
478582
478584
478586
478588
478590
478592
478594
478596
478598
478600
478602
478604
478606
478608
478610
478612
478614
478616
478618
478620
478622
478624
478626
478628
478630
478632
478636
478638
478640
478642
478644
478646
478648
478650
478652
478654
478656
478658
478660
478662
478664
478666
478668
478670
478672
478674
478676
478678
478680
478682
478684
478686
478688
478690
478692
478694
478696
478698
478700
478702
478704
478706
478708
478710
478712
478714
478716
478718
478720
478722
478724
478726
478728
478730
478732
478734
478736
478738
478740
478742
478744
478746
478748
478750
478752
478754
478756
478758
478760
478762
478764
478766
478768
478770
478772
478774
478776
478778
478780
478782
478784
478786
478788
478790
478792
478794
478796
478798
478800
478802
478804
478806
478808
478810
478812
478814
478816
478818
478820
478822
478824
478826
478828
478830
478832
478834
478836
478838
478840
478842
478844
478846
478848
478850
478852
478854
478856
478858
478860
478862
478864
478866
478868
478870
478872
478876
478878
478880
478882
478884
478886
478890
478892
478894
478896
478898
478900
478902
478904
478906
478908
478910
478912
478914
478916
478918
478920
478922
478924
478926
478928
478930
478932
478934
478936
478938
478940
478942
478944
478946
478948
478950
478952
478954
478956
478958
478960
478962
478964
478966
478968
478970
478972
478974
478976
478978
478980
478982
478984
478986
478988
478990
478992
478994
478996
478998
479000
479002
479004
479006
479008
479010
479012
479014
479016
479018
479020
479022
479024
479026
479028
479030
479032
479034
479036
479038
479040
479042
479044
479046
479048
479050
479052
479054
479056
479058
479060
479062
479064
479066
479068
479070
479072
479074
479076
479078
479080
479082
479084
479086
479088
479090
479092
479094
479096
479098
479100
479102
479104
479106
479108
479110
479112
479114
479116
479118
479120
479122
479124
479126
479128
479130
479132
479134
479136
479138
479140
479142
479144
479146
479148
479150
479152
479154
479156
479158
479160
479162
479164
479166
479168
479170
479172
479174
479176
479178
479180
479182
479184
479186
479188
479190
479192
479194
479196
479198
479200
479202
479204
479206
479208
479210
479212
479214
479216
479218
479220
479222
479224
479226
479228
479230
479232
479234
479236
479238
479240
479242
479244
479246
479248
479250
479252
479254
479258
479260
479262
479264
479266
479268
479270
479272
479274
479276
479278
479280
479282
479288
479290
479292
479294
479296
479298
479300
479302
479304
479306
479308
479310
479312
479314
479316
479318
479320
479322
479324
479326
479328
479332
479334
479336
479338
479340
479342
479344
479346
479348
479350
479352
479354
479356
479358
479360
479362
479364
479366
479368
479370
479372
479374
479376
479380
479382
479384
479386
479388
479390
479392
479400
479402
479404
479406
479408
479412
479414
479416
479418
479420
479422
479424
479426
479428
479430
479432
479434
479436
479438
479440
479442
479448
479450
479452
479454
479456
479460
479464
479466
479468
479470
479472
479474
479476
479478
479480
479482
479484
479486
479488
479490
479492
479494
479496
479498
479500
479502
479504
479506
479508
479510
479512
479514
479516
479518
479520
479522
479524
479526
479528
479530
479532
479534
479536
479538
479540
479542
479544
479546
479548
479550
479552
479554
479556
479558
479562
479564
479566
479568
479570
479572
479576
479578
479580
479582
479584
479588
479590
479592
479594
479598
479600
479602
479604
479606
479608
479610
479612
479616
479618
479620
479622
479624
479626
479628
479630
479632
479634
479636
479638
479640
479644
479646
479648
479650
479652
479654
479656
479658
479660
479662
479664
479666
479668
479670
479672
479674
479676
479678
479680
479682
479684
479686
479688
479690
479692
479694
479696
479698
479700
479702
479704
479706
479708
479710
479712
479714
479716
479718
479720
479722
479724
479726
479728
479730
479732
479736
479738
479740
479742
479744
479748
479750
479752
479754
479756
479758
479760
479762
479764
479766
479768
479770
479772
479774
479776
479778
479780
479782
479784
479786
479788
479790
479792
479794
479796
479798
479800
479802
479804
479806
479808
479810
479812
479814
479816
479818
479820
479822
479824
479826
479828
479830
479832
479834
479836
479838
479840
479842
479844
479846
479848
479850
479852
479854
479856
479858
479860
479862
479864
479866
479868
479874
479876
479878
479880
479882
479884
479886
479888
479890
479892
479894
479896
479898
479900
479902
479904
479906
479908
479910
479912
479914
479916
479918
479920
479922
479924
479928
479930
479932
479934
479936
479938
479940
479942
479944
479946
479948
479950
479952
479954
479956
479958
479960
479962
479964
479966
479968
479970
479972
479974
479976
479978
479980
479982
479984
479986
479988
479990
479992
479994
479996
479998
480000
480004
480006
480008
480010
480012
480014
480016
480018
480020
480022
480024
480026
480028
480030
480032
480034
480036
480038
480040
480042
480044
480046
480048
480050
480052
480054
480056
480058
480060
480062
480064
480066
480068
480070
480072
480074
480076
480078
480080
480082
480084
480086
480088
480090
480092
480094
480096
480098
480100
480102
480104
480106
480108
480110
480112
480114
480116
480118
480120
480122
480124
480126
480128
480130
480132
480134
480136
480138
480140
480142
480144
480146
480148
480150
480152
480154
480156
480158
480160
480162
480164
480166
480168
480170
480172
480174
480176
480178
480180
480182
480184
480186
480188
480190
480192
480194
480196
480198
480200
480202
480204
480206
480208
480210
480212
480214
480216
480218
480220
480222
480224
480228
480230
480232
480234
480236
480238
480244
480246
480248
480250
480252
480254
480256
480258
480260
480262
480264
480266
480268
480270
480272
480274
480276
480278
480280
480282
480284
480286
480288
480290
480292
480294
480296
480298
480300
480302
480304
480306
480308
480310
480312
480314
480316
480318
480320
480322
480324
480326
480328
480330
480332
480334
480336
480338
480340
480342
480344
480346
480348
480350
480352
480354
480356
480360
480362
480364
480366
480368
480370
480372
480374
480376
480378
480380
480382
480384
480386
480388
480390
480392
480394
480396
480398
480402
480404
480406
480408
480410
480412
480414
480416
480418
480420
480422
480424
480426
480428
480430
480432
480434
480436
480438
480440
480442
480444
480446
480448
480450
480452
480454
480456
480458
480460
480462
480464
480466
480468
480470
480472
480480
480482
480484
480486
480488
480490
480496
480498
480500
480502
480504
480506
480508
480510
480512
480514
480516
480518
480520
480522
480524
480526
480528
480530
480532
480534
480536
480538
480540
481236
481238
481240
481242
481244
481246
481248
481250
481252
481254
481256
481258
481260
481262
481264
481266
481268
481270
481272
481274
481276
481278
481280
481282
481284
481286
481288
481290
481292
481294
481296
481298
481300
481302
481304
481306
481308
481310
481312
481314
481316
481318
481320
481322
481324
481326
481328
481330
481332
481334
481336
481338
481340
481342
481344
481346
481350
481352
481354
481356
481358
481362
481364
481366
481368
481370
481372
481374
481376
481378
481380
481382
481384
481386
481388
481390
481392
481394
481396
481398
481400
481402
481404
481406
481408
481410
481412
481414
481416
481418
481420
481422
481424
481426
481428
481430
481432
481434
481436
481438
481440
481442
481444
481446
481448
481450
481452
481454
481456
481458
481460
481462
481464
481466
481468
481470
481472
481474
481476
481478
481480
481482
481484
481486
481488
481490
481492
481494
481496
481498
481500
481502
481504
481508
481510
481512
481514
481516
481518
481520
481522
481524
481526
481528
481530
481534
481536
481538
481540
481542
481544
481546
481548
481550
481552
481554
481558
481560
481564
481566
481568
481570
481572
483554
483576
483584
483590
483592
483594
483596
483598
483640
483662
483676
483678
483680
483682
483684
483686
483688
483692
483696
483698
483710
483712
483714
483716
483718
483720
483722
483724
483726
483728
483730
483732
483734
483736
483738
483740
483742
483744
483746
483748
483750
483752
483754
483756
483758
483760
483770
483798
483800
483802
483804
483806
483808
483810
483812
483814
483816
483822
483824
483828
483830
483832
483834
483836
483838
483840
483842
483844
483846
483848
483852
483854
483856
483858
483860
483862
483864
483866
483868
483872
483874
483876
483878
483880
483882
483884
483886
483888
483890
483892
483894
483896
483898
483900
483902
483910
483912
483914
483916
483918
483920
483922
483924
483926
483928
483930
483932
483934
483936
483938
483942
483946
483948
483958
483960
483962
483964
483966
483968
483970
483972
483982
483986
483988
483990
483992
483994
483996
483998
484000
484002
484004
484006
484008
484010
484012
484016
484034
484036
484038
484040
484042
484044
484046
484048
484050
484052
484054
484056
484058
484060
484062
484064
484066
484068
484070
484072
484074
484076
484078
484080
484082
484084
484088
484090
484092
484094
484102
484104
484106
484108
484110
484112
484114
484116
484118
484120
484122
484124
484126
484128
484130
484132
484134
484136
484138
484140
484142
484144
484146
484148
484150
484152
484154
484156
484162
484168
484174
484176
484180
484182
484184
484186
484188
484190
484192
484194
484196
484198
484200
484202
484204
484206
484208
484218
484220
484226
484228
484234
484236
484240
484242
484244
484246
484248
484250
484252
484254
484256
484258
484260
484262
484264
484266
484268
484270
484272
484274
484276
484278
484280
484284
484286
484288
484290
484292
484294
484296
484298
484300
484302
484304
484306
484308
484310
484312
484314
484316
484318
484320
484322
484324
484326
484328
484330
484332
484334
484336
484338
484340
484342
484344
484346
484348
484350
484352
484354
484356
484358
484360
484362
484364
484366
484368
484370
484372
484374
484376
484378
484380
484382
484384
484386
484388
484390
484392
484394
484396
484398
484400
484402
484404
484406
484408
484410
484412
484414
484416
484418
484420
484422
484424
484426
484428
484430
484432
484434
484436
484438
484440
484442
484444
484446
484448
484450
484452
484454
484456
484458
484460
484462
484464
484466
484468
484470
484472
484474
484476
484478
484480
484482
484484
484486
484488
484490
484492
484494
484496
484500
484502
484504
484506
484508
484510
484512
484514
484516
484518
484522
497920
497922
497924
497926
497928
497936
497944
497948
497956
497958
497960
497962
497964
497966
497970
497972
497992
497994
497996
498000
498002
498004
498006
498008
498010
498012
498014
498016
498018
498020
498022
498024
498026
498028
498030
498032
498034
498036
498038
498040
498050
498080
498084
498098
498104
498106
498108
498114
498116
498118
498120
498122
498124
498126
498128
498130
498132
498134
498136
498138
498140
498142
498144
498146
498148
498150
498154
498162
498172
498176
498178
498180
498184
498186
498188
498190
498192
498194
498196
498198
498200
498202
498204
498206
498208
498210
498212
498214
498216
498220
498226
498230
498232
498236
498238
498240
498242
498244
498246
498248
498250
498260
498264
498266
498314
498316
498318
498320
498326
498328
498332
498334
498336
498338
498340
498342
498344
498346
498348
498350
498352
498354
498356
498358
498360
498362
498364
498366
498368
498370
498372
498374
498376
498378
498380
498382
498486
498488
498490
498492
498494
498496
498498
498500
498502
498524
498526
498528
498530
498532
498536
498538
498540
498546
498548
498550
498552
498554
498556
498562
498564
498568
498570
498572
498574
498576
498578
498580
498584
498586
498588
498590
498592
498594
498596
498598
498600
498602
498604
498606
498608
498610
498612
498618
498620
498622
498624
498626
498628
498630
498632
498634
498636
498638
498640
498642
498644
498648
498650
498652
498656
498658
498660
498664
498666
498668
498670
498672
498674
498676
498678
498680
498682
498684
498686
498688
498690
498692
498694
498696
498698
498700
498702
498704
498706
498708
498710
498712
498714
498716
498718
498720
498724
498726
498728
498732
498734
498736
498738
498740
498742
498744
498746
498748
498752
498754
498756
498758
498760
498762
498764
498766
498768
498770
498772
498776
498778
498780
498782
498784
498786
498788
498790
498792
498794
498796
498798
498800
498802
498804
498806
498808
498810
498812
498814
498816
498818
498820
498822
498824
498826
498828
498830
498832
498834
498836
498838
498840
498842
498844
498846
498848
498850
498852
498856
498858
498860
498862
498864
498866
498868
498870
498872
498874
498876
498878
498882
498886
498888
498890
498892
498894
498896
498898
498900
498902
498906
498908
498910
498912
498914
498916
498918
498920
498922
498926
498928
498930
498932
498934
498936
498938
498942
498946
498948
498950
498952
498954
498956
498958
498962
498966
498968
498970
498974
498976
498978
498980
498982
498986
498988
498990
498992
498994
498996
498998
499000
499002
499006
499010
499012
499014
499016
499022
499026
499030
499032
499034
499036
499038
499040
499042
499044
499046
499048
499050
499052
499058
499060
499062
499064
499066
499068
499070
499072
499074
499076
499078
499080
499082
499084
499086
499088
499090
499092
499094
499096
499098
499100
499102
499104
499106
499108
499110
499112
499114
499116
499118
499120
499122
499124
499126
499128
499130
499132
499134
499136
499138
499140
499150
499152
499154
499156
499160
499162
499164
499166
499172
499174
499186
499188
499190
499192
499204
499206
499208
499210
499212
499214
499216
499218
499220
499222
499224
499226
499228
499230
499232
499234
499236
499238
499240
499242
499244
499246
499248
499250
499252
499254
499256
499258
499260
499262
499264
499266
499268
499270
499272
499274
499276
499278
499280
499282
499284
499286
499288
499290
499292
499294
499296
499298
499300
499302
499304
499306
499308
499310
499312
499314
499316
499318
499320
499322
499324
499326
499328
499330
499332
499334
499336
499338
499340
499342
499344
499346
499348
499350
499352
499354
499356
499358
499360
499362
499364
499366
499368
499370
499372
499374
499376
499378
499380
499382
499384
499386
499388
499390
499392
499394
499396
499398
499400
499402
499404
499406
499408
499410
499412
499414
499416
499418
499420
499422
499424
499426
499428
499430
499432
499434
499436
499438
499440
499442
499444
499446
499448
499450
499452
499454
499456
499458
499460
499462
499464
499466
499468
499470
499472
499474
499476
499478
499480
499482
499484
499486
499488
499490
499492
499494
499496
499498
499500
499502
499504
499506
499508
499510
499512
499514
499516
499518
499520
499522
499524
499526
499528
499530
499532
499534
499536
499538
499540
499546
499548
499550
499552
499554
499556
499558
499560
499562
499564
499566
499568
499570
499572
499574
499576
499578
499580
499582
499584
499586
499588
499590
499592
499594
499596
499598
499600
499602
499604
499606
499608
499610
499612
499614
499616
499618
499620
499622
499624
499626
499628
499630
499632
499634
499636
499638
499640
499642
499644
499646
499648
499650
499652
499654
499656
499658
499660
499662
499664
499666
499668
499670
499672
499674
499676
499678
499680
499682
499684
499686
499688
499690
499692
499694
499696
499698
499700
499702
499704
499706
499708
499710
499712
499714
499716
499718
499720
499722
499724
499726
499728
499730
499732
499734
499736
499738
499740
499742
499744
499746
499748
499750
499752
499754
499756
499758
499760
499762
499764
499766
499768
499790
499792
499794
499796
499798
499800
499802
499804
499806
499808
499810
499812
499814
499816
499818
499820
499822
499824
499826
499828
499830
499832
499834
499836
499838
499840
499842
499844
499846
499848
499850
499856
499858
499864
499866
499868
499870
499872
499874
499876
499878
499880
499882
499884
499886
499888
499890
499892
499894
499896
499898
499900
499902
499904
499906
499910
499912
499914
499916
499918
499920
499922
499924
499926
499928
499930
499932
499934
499936
499938
499940
499942
499944
499946
499948
499950
499952
499954
499956
499958
499960
499962
499964
499966
499968
499970
499972
499974
499976
499978
499984
499988
499990
499992
499994
499996
499998
500000
500002
500004
500006
500008
500010
500012
500014
500016
500018
500020
500022
500024
500028
500030
500032
500034
500036
500038
500040
500042
500044
500048
500050
500052
500054
500056
500058
500060
500062
500064
500066
500068
500070
500072
500074
500076
500078
500080
500082
500084
500086
500088
500090
500092
500094
500096
500098
500100
500102
500104
500106
500108
500110
500112
500114
500116
500118
500120
500122
500124
500126
500128
500130
500132
500134
500136
500138
500140
500142
500144
500146
500148
500150
500152
500160
500164
500166
500168
500170
500172
500174
500176
500178
500180
500182
500184
500186
500188
500190
500192
500194
500196
500198
500200
500202
500204
500206
500208
500210
500212
500214
500216
500218
500220
500222
500224
500226
500228
500230
500232
500234
500236
500238
500240
500242
500244
500246
500248
500250
500252
500254
500256
500258
500260
500262
500264
500266
500268
500270
500272
500274
500276
500278
500280
500282
500284
500286
500288
500290
500292
500294
500296
500298
500300
500302
500304
500306
500308
500314
500316
500318
500324
500326
500328
500330
500332
500334
500336
500340
500342
500344
500346
500348
500350
500352
500354
500356
500358
500360
500362
500364
500366
500368
500370
500372
500374
500376
500378
500380
500384
500386
500388
500390
500392
500394
500396
500398
500400
500402
500404
500406
500408
500410
500412
500414
500416
500418
500420
500422
500424
500426
500428
500430
500432
500434
500436
500438
500440
500442
500444
500446
500448
500450
500452
500454
500456
500458
500460
500462
500464
500466
500468
500470
500472
500474
500476
500478
500480
500482
500484
500486
500488
500490
500492
500494
500496
500498
500500
500502
500504
500506
500508
500510
500512
500514
500516
500518
500520
500522
500524
500526
500528
500530
500532
500534
500536
500538
500540
500542
500544
500546
500548
500550
500552
500554
500556
500558
500560
500562
500564
500566
500568
500570
500572
500574
500576
500578
500580
500582
500584
500586
500588
500590
500592
500594
500596
500598
500600
500602
500604
500606
500608
500610
500614
500616
500618
500620
500622
500624
500626
500628
500630
500632
500634
500636
500638
500640
500642
500644
500646
500648
500650
500652
500654
500656
500658
500660
500662
500664
500666
500668
500670
500672
500674
500676
500678
500680
500682
500684
500686
500688
500690
500692
500694
500696
500698
500700
500702
500704
500706
500708
500710
500712
500714
500716
500718
500720
500722
500724
500726
500728
500730
500732
500734
500736
500738
500740
500742
500744
500746
500748
500750
500752
500754
500756
500758
500760
500762
500764
500766
500768
500770
500776
500778
500780
500782
500784
500786
500788
500790
500792
500794
500796
500798
500800
500802
500804
500806
500808
500810
500812
500814
500816
500818
500820
500822
500824
500826
500828
500830
500832
500834
500836
500838
500840
500842
500844
500846
500848
500850
500852
500854
500856
500858
500860
500862
500864
500866
500868
500870
500872
500874
500876
500878
500880
500882
500884
500886
500888
500890
500894
500898
500900
500902
500904
500906
500908
500910
500914
500916
500922
500924
500926
500928
500930
500934
500938
500942
500946
500948
500950
500952
500954
500956
500958
500960
500962
500964
500966
500968
500970
500972
500974
500976
500978
500982
500984
500986
500988
500990
500992
500994
500996
500998
501000
501002
501006
501008
501010
501012
501014
501016
501018
501022
501024
501026
501030
501032
501034
501036
501038
501040
501042
501044
501046
501048
501052
501054
501056
501058
501060
501062
501064
501066
501068
501070
501074
501076
501078
501080
501082
501084
501086
501088
501090
501092
501094
501096
501098
501100
501102
501104
501106
501108
501110
501112
501114
501116
501118
501120
501122
501124
501126
501128
501130
501132
501134
501136
501138
501140
501142
501144
501146
501148
501150
501152
501154
501156
501158
501160
501162
501164
501166
501168
501170
501172
501174
501176
501178
501180
501182
501184
501190
501192
501206
501208
501210
501212
501214
501218
501222
501224
501226
501228
501230
501232
501234
501236
501238
501240
501242
501244
501246
501248
501250
501252
501254
501256
501258
501260
501262
501264
501266
501268
501270
501272
501274
501276
501278
501280
501282
501284
501286
501288
501290
501292
501294
501296
501298
501300
501302
501304
501306
501308
501310
501312
501314
501316
501318
501320
501322
501324
501326
501328
501330
501332
501334
501336
501338
501340
501342
501344
501346
501348
501350
501352
501354
501356
501358
501360
501362
501364
501366
501368
501370
501372
501374
501376
501378
501380
501382
501384
501386
501388
501390
501392
501394
501396
501398
501400
501402
501404
501406
501408
501410
501412
501414
501416
501418
501420
501422
501424
501426
501428
501432
501434
501436
501438
501440
501442
501444
501446
501448
501450
501452
501454
501456
501458
501460
501462
501464
501468
501470
501472
501474
501476
501478
501480
501482
501484
501486
501488
501490
501492
501494
501496
501498
501500
501502
501504
501506
501508
501510
501512
501514
501516
501518
501520
501522
501524
501526
501528
501530
501532
501534
501536
501538
501540
501542
501544
501546
501548
501550
501552
501554
501556
501558
501560
501562
501564
501568
501572
501574
501576
501578
501580
501582
501584
501586
501588
501590
501592
501594
501596
501598
501600
501602
501604
501606
501608
501610
501612
501614
501616
501618
501620
501622
501624
501626
501628
501630
501632
501634
501636
501642
501644
501646
501648
501654
501662
501664
501666
501668
501670
501672
501674
501676
501678
501680
501682
501684
501686
501688
501690
501692
501694
501696
501698
501700
501702
501704
501706
501708
501710
501712
501714
501716
501718
501720
501722
501724
501726
501728
501730
501732
501734
501736
501738
501740
501742
501744
501746
501748
501750
501752
501754
501756
501758
501760
501762
501764
501766
501768
501770
501772
501774
501776
501778
501780
501782
501784
501786
501790
501792
501794
501796
501798
501800
501802
501804
501806
501808
501810
501812
501814
501816
501818
501820
501822
501824
501826
501828
501830
501832
501834
501836
501838
501840
501842
501844
501846
501848
501850
501854
501856
501858
501860
501862
501864
501866
501868
501870
501872
501874
501876
501878
501880
501882
501884
501886
501888
501890
501892
501894
501896
501898
501900
501902
501904
501906
501908
501910
501912
501916
501918
501920
501922
501924
501926
501928
501930
501932
501934
501938
501940
501942
501944
501946
501948
501950
501952
501954
501956
501958
501962
501964
501966
501968
501970
501972
501974
501976
501978
501980
501982
501984
501986
501988
501990
501992
501994
501998
502000
502004
502006
502008
502010
502012
502014
502016
502018
502020
502022
502024
502026
502028
502030
502032
502034
502036
502038
502040
502042
502044
502046
502048
502050
502052
502054
502056
502058
502060
502062
502064
502066
502068
502070
502072
502074
502076
502078
502080
502082
502084
502086
502090
502092
502094
502096
502098
502100
502102
502104
502106
502108
502110
502114
502116
502118
502120
502122
502124
502126
502128
502130
502132
502134
502136
502138
502140
502142
502144
502146
502148
502150
502270
502272
502274
502276
502278
502280
502282
502284
502286
502288
502290
502292
502294
502296
502298
502300
502302
502304
502306
502308
502310
502312
502314
502316
502318
502320
502322
502324
502326
502328
502330
502332
502334
502336
502338
502340
502342
502344
502346
502348
502350
502352
502354
502356
502358
502360
502362
502364
502366
502368
502370
502372
502374
502376
502378
502380
502382
502384
502386
502388
502390
502392
502394
502396
502398
502400
502402
502404
502406
502408
502410
502412
502414
502416
502418
502420
502422
502424
502426
502428
502434
502436
502438
502440
502442
502446
502448
502450
502452
502454
502458
502460
502462
502464
502466
502470
502472
502474
502476
502478
502480
502484
502486
502488
502490
502492
502496
502498
502500
502502
502504
502508
502510
502512
502514
502516
502520
502522
502524
502526
502528
502530
502532
502534
502536
502538
502540
502544
502548
502552
502556
502560
502564
502568
502570
502574
502578
502582
502586
502590
502594
502598
502602
502604
502606
502608
502610
502612
502614
502616
502618
502620
502622
502624
502626
502628
502630
502632
502634
502636
502638
502640
502642
502644
502646
502648
502650
502652
502654
502656
502658
502660
502662
502664
502666
502668
502670
502672
502674
502676
502678
502680
502682
502684
502686
502688
502690
502692
502694
502696
502698
502700
502702
502704
502706
502708
502710
502712
502714
502716
502718
502720
502722
502724
502726
502728
502730
502732
502734
502736
502738
502740
502742
502744
502746
502748
502750
502752
502754
502756
502758
502760
502762
502764
502766
502768
502770
502772
502774
502776
502778
502780
502782
502784
502786
502788
502790
502792
502794
502796
502798
502800
502802
502804
502806
502808
502810
502812
502816
502818
502820
502822
502824
502826
502828
502830
502832
502834
502836
502838
502840
502842
502844
502846
502848
502850
502852
502854
502856
502858
502860
502862
502864
502866
502868
502870
502872
502874
502876
502878
502880
502882
502884
502886
502888
502890
502892
502894
502896
502898
502900
502902
502904
502906
502908
502910
502912
502914
502916
502918
502920
502922
502924
502926
502928
502930
502932
502934
502936
502938
502940
502942
502944
502946
502948
502950
502952
502954
502956
502958
502960
502962
502964
502966
502968
502970
502972
502974
502976
502978
502980
502982
502984
502986
502988
502990
502992
502994
502996
502998
503000
503002
503004
503006
503008
503010
503012
503014
503016
503018
503020
503022
503024
503026
503028
503030
503032
503034
503036
503038
503040
503042
503044
503046
503048
503050
503052
503054
503056
503058
503060
503062
503064
503066
503068
503070
503072
503074
503076
503078
503080
503082
503084
503086
503088
503092
503094
503096
503098
503104
503106
503108
503110
503112
503114
503116
503118
503120
503122
503124
503126
503128
503130
503132
503134
503136
503138
503140
503142
503144
503146
503148
503150
503152
503154
503156
503158
503160
503162
503164
503166
503168
503170
503172
503174
503176
503178
503180
503182
503184
503186
503188
503190
503194
503196
503198
503200
503202
503204
503206
503208
503210
503212
503214
503216
503218
503220
503222
503224
503226
503228
503230
503232
503234
503236
503238
503240
503242
503244
503246
503248
503250
503252
503254
503256
503260
503262
503264
503266
503268
503270
503272
503274
503276
503278
503280
503282
503284
503286
503288
503290
503292
503294
503296
503298
503300
503302
503304
503306
503308
503310
503312
503314
503316
503318
503320
503322
503324
503326
503328
503330
503332
503334
503336
503338
503340
503342
503344
503346
503348
503350
503352
503354
503356
503358
503360
503362
503364
503366
503368
503370
503374
503376
503378
503382
503384
503386
503388
503390
503392
503396
503398
503402
503404
503406
503408
503410
503412
503414
503416
503418
503420
503422
503424
503426
503428
503430
503432
503434
503436
503438
503440
503442
503444
503446
503448
503450
503452
503454
503456
503458
503460
503462
503464
503466
503468
503470
503472
503474
503476
503478
503480
503482
503484
503486
503488
503490
503492
503494
503496
503498
503500
503502
503504
503506
503508
503510
503512
503514
503516
503518
503520
503522
503524
503526
503528
503532
503534
503536
503538
503540
503542
503544
503546
503548
503550
503552
503554
503556
503558
503560
503562
503564
503566
503568
503570
503572
503574
503576
503578
503580
503582
503584
503586
503588
503590
503592
503594
503596
503598
503600
503602
503604
503606
503608
503610
503612
503614
503616
503618
503622
503624
503626
503628
503630
503632
503636
503640
503642
503644
503646
503648
503650
503652
503654
503656
503658
503660
503662
503664
503666
503668
503670
503672
503674
503676
503678
503680
503682
503684
503686
503688
503690
503692
503694
503696
503698
503700
503702
503704
503706
503708
503710
503712
503714
503716
503718
503720
503722
503724
503726
503728
503730
503732
503734
503736
503738
503742
503744
503746
503748
503750
503752
503754
503756
503758
503760
503762
503764
503766
503768
503770
503772
503774
503776
503780
503782
503784
503786
503788
503790
503792
503794
503796
503798
503800
503802
503804
503806
503808
503810
503812
503816
503818
503820
503822
503824
503826
503828
503830
503832
503834
503836
503840
503842
503844
503850
503852
503854
503856
503858
503860
503862
503866
503868
503870
503872
503874
503876
503878
503880
503882
503884
503886
503888
503892
503894
503898
503900
503902
503904
503906
503908
503910
503912
503916
503920
503922
503924
503928
503930
503932
503934
503936
503938
503940
503942
503944
503946
503948
503950
503952
503954
503956
503958
503960
503962
503964
503966
503968
503970
503972
503974
503976
503978
503980
503982
503984
503986
503988
503990
503992
503994
503996
503998
504000
504002
504004
504006
504008
504010
504012
504014
504016
504018
504020
504022
504024
504026
504028
504030
504032
504034
504036
504038
504040
504042
504044
504046
504048
504050
504052
504054
504056
504058
504060
504062
504064
504068
504070
504072
504074
504076
504078
504080
504082
504084
504086
504088
504090
504092
504094
504096
504100
504106
504108
504110
504112
504114
504116
504118
504120
504126
504128
504130
504132
504134
504136
504138
504140
504142
504144
504146
504148
504154
504156
504158
504160
504162
504166
504168
504170
504172
504174
504176
504178
504180
504182
504184
504186
504188
504190
504192
504194
504196
504198
504200
504202
504204
504206
504208
504210
504212
504214
504216
504218
504220
504222
504224
504226
504228
504230
504232
504234
504236
504238
504240
504242
504244
504246
504248
504250
504252
504256
504258
504260
504262
504264
504266
504268
504270
504272
504274
504276
504278
504280
504282
504284
504286
504288
504290
504292
504294
504296
504298
504300
504302
504304
504306
504308
504310
504312
504314
504316
504318
504320
504322
504324
504326
504328
504330
504332
504334
504336
504338
504340
504342
504344
504346
504348
504350
504352
504354
504356
504358
504360
504362
504364
504366
504368
504370
504372
504374
504376
504378
504380
504382
504384
504386
504388
504390
504392
504394
504396
504398
504400
504402
504404
504406
504408
504410
504412
504414
504416
504418
504420
504422
504424
504426
504428
504430
504432
504434
504436
504438
504440
504442
504444
504446
504448
504450
504452
504454
504456
504458
504460
504462
504464
504466
504468
504470
504472
504474
504476
504478
504480
504482
504484
504486
504488
504490
504492
504494
504496
504498
504500
504502
504504
504506
504508
504510
504512
504514
504516
504518
504524
504526
504528
504530
504532
504534
504536
504538
504540
504542
504544
504546
504548
504550
504552
504554
504556
504558
504560
504562
504564
504566
504568
504570
504572
504574
504576
504578
504580
504582
504584
504586
504588
504740
504742
504744
504748
504750
504754
504756
504758
504760
504762
504766
504768
504770
504772
504774
504776
504778
504780
504782
504786
504788
504790
504792
504794
504796
504798
504800
504802
504804
505710
505712
505714
505716
505718
505720
505722
505724
505726
505728
505730
505732
505734
505736
505738
505740
505742
505744
505746
505748
505750
505752
505754
505756
505758
505760
505762
505764
505766
505768
505770
505772
505774
505776
505778
505780
505782
505784
505786
505790
505792
505794
505796
505798
505800
505802
505804
505806
505808
505810
505812
505814
505816
505818
505820
505822
505824
505826
505828
505830
505832
505834
505836
505838
505840
505842
505844
505846
505848
505850
505852
505854
505856
505858
505860
505862
505864
505866
505868
505870
505872
505874
505876
505878
505880
505882
505884
505886
505888
505890
505892
505894
505896
505898
505900
505902
505904
505906
505908
505910
505912
505914
505916
505918
505920
505922
505924
505926
505928
505930
505932
505934
505936
505938
505940
505942
505944
505946
505948
505950
505952
505954
505956
505958
505960
505962
505964
505966
505968
505970
505972
505974
505976
505978
505980
505982
505984
505986
505988
505990
505992
505994
505996
505998
506000
506002
506004
506006
506008
506010
506012
506014
506016
506018
506020
506022
506024
506026
506028
506030
506032
506034
506036
506038
506040
506042
506044
506046
506048
506050
506052
506054
506056
506058
506060
506062
506064
506066
506068
506070
506072
506074
506076
506078
506080
506082
506084
506086
506088
506090
506092
506094
506096
506098
506100
506102
506104
506106
506108
506110
506112
506114
506116
506118
506120
506122
506124
506126
506128
506130
506132
506134
506136
506138
506140
506142
506144
506146
506148
506150
506152
506154
506442
506446
506448
506450
506452
506454
506456
506458
506460
506462
506464
506466
506468
506470
506472
506474
506478
506480
506482
506484
506488
506490
506492
506494
506498
506500
506502
506504
506506
506508
506510
506512
506514
506516
506518
506520
506522
506524
506526
506528
506530
506532
506534
506536
506538
506540
506542
506546
506548
506550
506554
506556
506558
506560
506562
506594
508524
508526
508528
508530
508532
508534
508536
508538
508540
508542
508544
508546
508548
508550
508552
508554
508556
508558
508560
508562
508564
508566
508568
508570
508572
508574
508576
508578
508580
508582
508584
508586
508588
508590
508592
508594
508596
508598
508600
508602
508604
508606
508608
508610
508612
508614
508616
508618
508620
508622
508624
508626
508628
508630
508632
508634
508636
508638
508640
508642
508644
508646
508648
508650
508652
508654
508656
508658
508660
508662
508664
508666
508668
508670
508672
508674
508676
508678
508680
508682
508684
508686
508688
508690
508692
508694
508696
508698
508700
508702
508704
508706
508708
508710
508712
508714
508716
508718
508720
508722
508724
508726
508728
508730
508732
508734
508736
508738
508740
508742
508744
508746
508748
508750
508752
508754
508756
508758
508760
508762
508764
508766
508768
508770
508772
508774
508776
508778
508780
508782
508784
508786
508788
508790
508792
508794
508796
508798
508800
508802
508804
508806
508808
508810
508812
508814
508816
508818
508820
508822
508824
508826
508828
508830
508832
508834
508836
508838
508840
508842
508844
508846
508848
508850
508852
508854
508856
508858
508860
508862
508864
508866
508868
508870
508874
508876
508878
508882
508884
508886
508888
508890
508892
508894
508896
508898
508900
508902
508904
508906
508908
508910
508912
508914
508916
508918
508920
508922
508924
508926
508928
508932
508934
508936
508938
508940
508942
508944
508946
508948
508950
508952
508954
508956
508958
508960
508962
508964
508966
508968
508970
508972
508974
508976
508978
508980
508982
508984
508986
508988
508990
508992
508994
508996
508998
509000
509002
509004
509006
509008
509010
509012
509014
509016
509018
509020
509022
509024
509026
509028
509030
509032
509034
509036
509038
509040
509042
509044
509046
509048
509050
509052
509054
509056
509058
509060
509062
509064
509066
509068
509070
509072
509074
509076
509078
509080
509082
509084
509086
509088
509090
509092
509094
509096
509098
509100
509102
509104
509106
509108
509110
509112
509114
509116
509118
509120
509122
509124
509126
509128
509130
509132
509134
509136
509138
509140
509142
509144
509146
509148
509150
509152
509154
509156
509158
509160
509164
509166
509168
509170
509172
509174
509176
509178
509180
509182
509184
509186
509188
509190
509192
509194
509196
509198
509200
509202
509204
509206
509208
509210
509212
509214
509216
509218
509220
509222
509224
509226
509228
509230
509232
509234
509236
509238
509240
509242
509244
509246
509248
509250
509252
509254
509256
509258
509260
509262
509264
509266
509268
509270
509272
509274
509276
509278
509280
509282
509284
509288
509290
509292
509294
509296
509298
509300
509302
509304
509306
509308
509310
509312
509314
509316
509318
509320
509322
509324
509326
509328
509330
509332
509334
509336
509338
509340
509342
509344
509346
509348
509350
509352
509354
509356
509358
509360
509362
509364
509366
509368
509370
509372
509374
509376
509378
509380
509382
509384
509386
509388
509390
509392
509394
509396
509398
509400
509402
509404
509406
509408
509410
509412
509414
509416
509418
509420
509422
509424
509426
509428
509430
509432
509434
509436
509438
509440
509442
509444
509446
509448
509450
509452
509454
509456
509458
509460
510498
510504
510506
510508
510510
510512
510514
510516
510518
510520
510522
510524
510526
510528
510530
510532
510534
510536
510538
510540
510542
510544
510546
510548
510550
510552
510554
510556
510558
510560
510562
510564
510566
510568
510572
510574
510576
510578
510580
510582
510584
510586
510588
510590
510592
510594
510596
510598
510600
510602
510606
510608
510610
510612
510614
510616
510618
510620
510622
510624
510628
510630
510632
510634
510636
510638
510640
510642
510644
510646
510648
510650
510652
510654
510656
510658
510660
510662
510664
510666
510670
510672
510674
510676
510678
510680
510682
510686
510692
510694
510696
510698
510700
510702
510704
510706
510708
510710
510712
510714
510716
510718
510720
510722
510724
510726
510728
510730
510732
510738
510740
510742
510744
510748
510750
510752
510754
510756
510758
510760
510762
510764
510766
510768
510770
510772
510774
510776
510778
510780
510782
510784
510786
510788
510790
510794
510796
510798
510800
510802
510804
510806
510808
510810
510812
510814
510816
510818
510820
510822
510824
510826
510828
510830
510832
510834
510836
510838
510840
510842
510844
510846
510848
510850
510852
510854
510856
510858
510860
510862
510864
510866
510868
510872
510874
510876
510878
510880
510882
510884
510886
510888
510890
510892
510894
510896
510898
510900
510902
510904
510906
510908
510910
510912
510914
510916
510918
510920
510922
510924
510926
510928
510934
510936
510938
510940
510942
510944
510948
510950
510952
510954
510956
510958
510960
510962
510964
510966
510968
510970
510972
510974
510976
510978
510980
510982
510984
510986
510988
510990
510992
510994
510996
510998
511000
511002
511004
511006
511008
511422
511424
511426
511428
511430
511432
511434
511436
511438
511440
511442
511444
511450
511452
511454
511456
511458
511460
511462
511466
511468
511476
511494
511496
511500
511502
511526
511528
511530
511532
511534
511536
511538
511548
511550
511552
511554
511556
511558
511564
511572
511574
511576
511578
511580
511582
511586
511588
511592
511594
511596
512098
512100
512106
512108
512114
512116
512118
512122
512124
512126
512130
512132
512134
512140
512142
512144
512146
512148
512150
512152
512154
512156
512158
512160
512162
512164
512166
512168
512170
512172
512174
512176
512178
512180
512182
512184
512186
512188
512190
512192
512194
512196
512198
512208
512210
512212
512214
512220
512222
512226
512228
512230
512236
512238
512240
512242
512244
512246
512248
512270
512278
512280
512282
512284
512286
512288
512290
512292
512294
512296
512298
512300
512302
512304
512312
512314
512316
512318
512320
512322
512324
512326
512328
512330
512332
512334
512336
512338
512752
512754
512756
512758
512760
512762
512764
512766
512768
512770
512772
512774
512776
512778
512780
512782
512784
512786
512788
512790
512792
512794
512796
512798
512800
512802
512804
512806
512808
512810
512812
512814
512816
512818
512820
512822
512824
512828
512830
512832
512838
512840
512842
512844
512846
512848
512850
512852
512854
512856
512858
512860
512862
512864
512866
512868
512870
512872
512874
512876
512878
512880
512882
512884
512886
512888
512890
512892
512894
512896
512898
512900
512902
512904
512906
512908
512910
512912
512914
512916
512918
512920
512922
512924
512926
512928
512930
512932
512934
512936
512938
512940
512942
512944
512946
514818
514820
514822
514824
514826
514828
514830
514832
514834
514836
514838
514840
514842
514844
514846
514848
514850
514852
514854
514856
514858
514860
514862
514864
514866
514868
514870
514872
514878
514880
514882
514884
514886
514888
514890
514892
514894
514896
514898
514900
514902
514904
514906
514908
514910
514912
514914
514916
514918
514920
514922
514924
514926
514928
514930
514932
514934
514936
514938
514940
514942
514944
514946
514948
514950
514952
514954
514956
514958
514960
514962
514964
514966
514968
514970
514972
514974
514976
514978
514980
514986
514988
514990
514992
514994
514996
514998
515000
515002
515004
515006
515008
515010
515012
515014
515016
515018
515020
515022
515024
515026
515028
515030
515032
515034
515036
515038
515040
515042
515044
515046
515048
515050
515052
515054
515056
515058
515060
515062
515064
515066
515068
515070
515072
515074
515076
515078
515080
515082
515084
515086
515088
515090
515092
515094
515096
515098
515100
515102
515104
515106
515108
515110
515112
515114
515116
515118
515120
515122
515124
515126
515128
515130
515132
515134
515136
515138
515140
515142
515144
515146
515148
515150
515152
515154
515156
515158
515160
515162
515164
515166
515168
515170
515172
515174
515176
515178
515180
515184
515186
515188
515190
515192
515194
515196
515198
515200
515202
515204
515206
515208
515210
515212
515214
515216
515218
515220
515222
515224
515226
515228
515230
515232
515234
515236
515238
515240
515242
515244
515246
515248
515250
515252
515254
515256
515258
515260
515262
515264
515266
515268
515270
515272
515274
515276
515278
515280
515282
515284
515286
515288
515290
515292
515294
515296
515298
515300
515302
515304
515306
515308
515310
515312
515314
515316
515318
515320
515322
515324
515326
515328
515330
515332
515334
515336
515338
515340
515342
515344
515346
515348
515350
515352
515354
515356
515358
515360
515362
515364
515366
515368
515370
515372
515374
515376
515378
515380
515382
515384
515388
515390
515392
515394
515396
515398
515400
515402
515404
515406
515408
515410
515412
515414
515416
515418
515420
515422
515424
515426
515428
515430
515434
515436
515438
515440
515442
515444
515446
515448
515450
515452
515454
515456
515458
515460
515462
515464
515466
515468
515470
515472
515474
515476
515478
515480
515482
515484
515486
515488
515490
515492
515494
515496
515498
515500
515502
515504
515506
515508
515510
515512
515514
515516
515518
515520
515522
515524
515526
515528
515530
515532
515534
515536
515538
515540
515542
515544
515546
515548
515550
515552
515554
515556
515558
515560
515562
515564
515566
515568
515570
515572
515574
515576
515578
515580
515582
515584
515586
515588
515590
515592
515594
515596
515598
515600
515602
515604
515606
515608
515610
515612
515614
515616
515618
515620
515622
515626
515628
515630
515632
515634
515636
515638
515640
515642
515644
515646
515648
515650
515652
515654
515656
515658
515660
515662
515664
515666
515668
515670
515672
515674
515678
515680
515682
515684
515686
515688
515690
515692
515694
515696
515698
515700
515702
515704
515706
515708
515710
515712
515714
515716
515730
515804
515806
515808
515810
516976
516978
516980
516982
516984
516986
516988
516990
516992
516994
516996
516998
517000
517002
517004
517006
517008
517010
517012
517014
517016
517018
517020
517022
517024
517026
517028
517030
517032
517034
517036
517038
517040
517042
517044
517046
517048
517050
517052
517054
517056
517058
517060
517062
517064
517066
517068
517070
517072
517084
517086
517088
517090
517092
517094
517096
517098
517100
517102
517104
517106
517108
517110
517112
517114
517116
517118
517120
517122
517124
517126
517128
517130
517132
517134
517136
517138
517140
517142
517144
517146
517148
517150
517152
517154
517156
517158
517160
517162
517164
517166
517168
517170
517172
517174
517176
517178
517180
517182
517184
517186
517188
517190
517192
517194
517196
517200
517202
517204
517206
517208
517210
517212
517214
517216
517218
517220
517222
517224
517226
517228
517230
517232
517234
517236
517238
517240
517242
517244
517246
517248
517250
517252
517254
517256
517258
517260
517262
517264
517266
517268
517270
517272
517274
517276
517278
517280
517282
517284
517286
517288
517290
517292
517294
517296
517298
517300
517302
517304
517306
517308
517310
517312
517314
517316
517318
517320
517322
517324
517326
517328
517330
517332
517334
517336
517338
517340
517342
517344
517346
517348
517350
517352
517354
517356
517358
517360
517362
517364
517366
517368
517370
517372
517374
517376
517378
517380
517382
517384
517386
517388
517390
517392
517394
517396
517398
517400
517402
517404
517406
517408
517410
517412
517414
517416
517418
517420
517422
517424
517426
517428
517430
517432
517434
517436
517438
517440
517442
517444
517446
517448
517450
517452
517454
517456
517458
517460
517462
517464
517466
517468
517470
517472
517474
517476
517478
517480
517482
517484
517486
517488
517490
517492
517494
517496
517498
517500
517502
517504
517506
517508
517510
517512
517514
517516
517518
517520
517522
517524
517526
517528
517530
517532
517534
517704
517706
517708
517710
517712
517714
517716
517770
517772
517774
517776
517874
517876
517880
517882
517886
517888
517890
517892
517896
517898
517900
517902
517904
517906
517908
517910
517912
517914
518004
518006
518008
518010
518016
518018
518020
518022
518024
518026
518030
518032
518034
518036
518038
518040
518138
518140
518144
518146
518152
518154
518156
518160
518162
518164
518168
518170
518172
518174
518176
518178
518232
518234
518236
518242
518244
518246
518248
518250
518418
518420
518422
518424
518428
518430
518432
518434
518436
518526
518528
518530
518542
518544
518546
518548
518550
518552
518554
518556
518558
518560
518562
518736
518738
518740
518742
518744
518746
518748
518752
518768
518770
518772
518774
518776
518778
518780
518782
518784
518786
518788
518790
518792
518794
518796
518798
518800
518802
518804
518806
518808
518810
518812
518814
518948
518950
518952
518954
518958
518976
518978
518980
518982
518986
518988
518990
518992
518994
518996
518998
519000
519002
519004
519006
519156
519158
519164
519168
519170
519172
519176
519180
519182
519184
519188
519190
519192
519194
519196
519198
519200
519202
519204
519206
519208
519210
519212
519214
519216
519218
519220
519222
519300
519302
519310
519312
519314
519316
519318
519320
519322
519324
519326
519328
519330
519448
519450
519452
519454
519456
519458
519460
519474
519826
519828
519834
519840
519846
519848
519850
519852
519854
519856
519858
519860
519862
519864
519866
519868
520020
520022
520024
520026
520046
520048
520050
520052
520062
520064
520066
520068
520070
520072
520074
520076
520080
520082
520084
520086
520240
520242
520244
520246
520248
520250
520252
520264
520270
520272
520274
520276
520278
520280
520282
520292
520294
520296
520298
520300
520302
520304
520308
520454
520456
520458
520460
520474
520482
520484
520486
520488
520498
520500
520502
520504
520506
520752
520754
520756
520758
520760
520762
520764
520766
520768
520770
520772
520774
520776
520778
520782
520784
520786
520788
520790
520792
520794
520796
520798
520800
520802
520804
520806
520808
520810
520812
520814
520818
520820
520822
520824
520894
520896
520898
520902
520906
520908
520910
520912
520914
520916
520918
520920
521070
521072
521088
521100
521102
521118
521120
521122
521124
521126
521128
521134
521136
521226
521376
521378
521386
521398
521400
521406
521408
521412
521414
521416
521418
521420
521422
521424
522124
522126
522128
522134
522140
522142
522144
522146
522148
522150
522152
522154
522156
522158
522160
522162
522164
522166
522168
522170
522172
522174
522372
522374
522378
522380
522382
522384
522386
522394
522396
522398
522402
522406
522408
522410
522412
522414
522416
522420
522422
522424
522426
522428
522430
522436
522438
522440
522442
522444
522446
522448
522450
522452
522454
522456
522458
522460
522462
522690
522692
522694
522696
522698
522710
522718
522720
522722
522724
522726
522728
522730
522732
522734
522736
522738
522740
522742
522744
522746
522748
522750
522868
522870
522874
522882
522884
522886
522888
522890
522892
522894
522896
522898
522900
522904
522906
522908
522910
522912
522914
522916
522918
523120
523122
523124
523126
523128
523130
523132
523134
523136
523138
523140
523142
523144
523146
523148
523150
523152
523154
523156
523158
523160
523162
523164
523166
523168
523170
523172
523174
523176
523178
523180
523182
523184
523186
523188
523190
523192
523194
523196
523198
523200
523202
523204
523206
523208
523210
523212
523562
523564
523566
523568
523580
523582
523584
523586
523588
523590
523592
523594
523596
523598
523600
523602
523604
523606
523608
523610
523612
523614
523616
523618
523620
523710
523712
523714
523716
523726
523728
523730
523732
523734
523736
523738
523740
523742
523744
523746
524022
524024
524026
524030
524032
524038
524044
524046
524048
524050
524052
524054
524056
524058
524060
524062
524064
524066
524068
524070
524822
524824
524828
524844
524852
524854
524858
524862
524864
524866
524868
524870
524872
524874
524876
524882
524884
524886
524888
524890
524894
524896
524898
524900
524902
524904
524906
524908
524910
524912
524916
525336
525338
525340
525498
525500
525514
525516
525518
525522
525524
525526
525528
525530
525532
525534
525536
525538
525540
525542
525544
525546
525548
525550
525552
525554
525556
525558
525560
525562
525564
525614
525618
525620
525622
525624
525626
525628
525630
525776
525778
525780
525782
525784
525786
525788
525792
525794
525798
525800
525802
525808
525810
525816
525818
525820
525824
525826
525828
525830
525832
525834
525836
525838
525840
525968
525972
525978
525980
525982
525984
525986
525988
525990
526076
526078
526080
526084
526092
526094
526096
526098
526100
526102
526104
526106
526108
526110
526224
526228
526234
526236
526244
526246
526250
526256
526258
526260
526262
526264
526266
526268
526270
526272
526488
526490
526496
526498
526506
526508
526510
526514
526516
526518
526520
526522
526524
526526
526528
526530
526784
526786
526800
526804
526806
526818
526820
526822
526824
526826
526828
526830
526832
526834
526836
526838
526840
526842
527116
527120
527126
527128
527138
527142
527146
527148
527150
527152
527156
527158
527160
527162
527164
527166
527168
527170
527172
527176
527178
527180
527182
527184
527186
527188
527190
527394
527396
527398
527408
527410
527412
527414
527416
527422
527424
527558
527560
527566
527568
527570
527572
527576
527578
527580
527582
527584
527586
527588
527590
527592
527594
527596
527598
527600
527602
527604
527606
527608
527610
527612
527614
527616
527702
527704
527706
527710
527716
527720
527722
527724
527726
527728
527732
527734
527736
527822
527824
527828
527830
527834
527838
527840
527842
527844
527846
527848
527850
527852
527854
527856
527962
527964
527966
527968
527970
527972
527974
527982
527984
527986
527988
527990
527992
527994
527996
527998
528000
528002
528004
528006
528096
528098
528106
528110
528114
528116
528118
528120
528122
528124
528126
528128
528130
528132
528226
528228
528242
528244
528246
528248
528252
528256
528258
528260
528262
528264
528414
528416
528418
528420
528438
528446
528448
528450
528452
528460
528462
528464
528466
528468
528470
528472
528476
528478
528480
528566
528568
528570
528572
528574
528576
528582
528584
528586
528588
528590
528592
528594
528596
528598
528600
529350
529352
529356
529358
529372
529378
529380
529384
529386
529388
529390
529392
529394
529396
529398
529400
529402
529404
529462
529464
529466
529468
529472
529474
529476
529478
529480
529482
529600
529602
529604
529616
529618
529620
529624
529626
529628
529630
529632
529634
529636
529638
529640
529642
529644
529646
529648
529650
529764
529766
529768
529770
529786
529788
529790
529792
529794
529796
529798
529800
529802
529804
529806
529808
529810
529812
529958
529960
529962
529964
529968
529976
529978
529988
529990
529992
529994
529998
530006
530008
530010
530012
530014
530016
530018
530020
530022
530096
530098
530100
530106
530108
530110
530112
530114
530116
530118
530120
530122
530124
530218
530220
530222
530226
530238
530240
530242
530244
530246
530248
530250
530252
530254
530256
530358
530360
530362
530364
530368
530370
530378
530380
530382
530384
530386
530388
530390
530392
530394
530396
530398
530400
