28074
93952
93954
146802
146836
146838
146856
146858
146860
207968
207976
207980
212272
212288
221166
221188
221192
221202
221220
221278
221280
221282
221322
221340
221360
221364
221374
221376
229946
231816
231916
231918
231920
231922
231924
231932
231934
241574
245570
245572
249934
249978
251346
258416
299180
299252
299264
329652
332082
332158
332160
332162
332164
332166
332168
332170
332172
332174
332176
332178
332180
332182
332184
333434
333502
333546
333596
334082
334084
334086
334094
334096
334100
334102
334104
334108
334110
334112
334114
334118
334120
334122
334220
334222
334224
334230
334232
334234
334236
334238
334240
337876
337878
337880
337882
337894
338052
338082
338120
338124
338132
338134
338136
338138
338140
338142
338144
338146
338208
338256
342912
342914
342918
342922
342924
342926
342928
342930
343144
343146
343148
343152
343932
344514
350368
350486
350492
350534
351868
351870
351872
351874
351878
351880
351882
351884
351886
351888
351892
351894
351896
351900
351902
351906
351908
351910
351912
351914
351918
351920
355768
357404
357430
357662
357676
357700
357704
365552
367328
367346
367378
367420
367424
367448
367538
367558
369122
369174
373874
377848
379046
379108
379446
379448
379450
379452
379454
379456
379458
379460
379462
379464
379466
379468
379470
379472
379474
379476
379478
379482
379484
379488
380994
380998
381002
381038
382270
386884
386894
389196
389510
390726
390906
394260
395870
395988
402644
416146
417082
417088
417090
417106
417108
417116
417122
417132
417134
417188
417192
417208
417738
417770
418182
418184
418210
418226
418278
418408
419122
419354
420468
420756
420810
422290
422654
425322
425534
425732
426510
426512
426516
426518
426532
426658
426944
426946
427558
427598
427616
427682
427684
427696
427702
427708
427714
433612
433614
433616
433618
433620
433622
433624
433626
433634
433636
433638
433640
433642
443258
444252
444254
444672
446140
446934
446952
446958
446960
447480
447482
447484
447486
447488
447490
447492
447494
447496
447498
447500
447502
447504
447506
447508
447510
447512
447514
447516
447518
447520
447522
447524
447526
447528
447530
447532
447534
447536
447538
447540
463152
463154
463156
463158
463160
463162
463164
463166
463168
463170
463182
463186
463196
463198
463200
463208
463218
463234
463240
463242
463244
463246
463248
463250
463276
463298
463300
463308
463320
463322
463324
463326
463340
463346
463382
463384
463506
463522
463526
463528
463530
463532
463626
463628
463632
463636
463646
463648
463654
463668
463670
463672
463678
463680
463682
463710
475334
475340
475342
475344
475346
475348
475350
475356
475358
475360
475362
475364
475366
475368
475370
475372
475374
475376
475380
475384
475388
475390
475394
475396
475398
475400
475402
475404
475406
475408
475410
475412
475414
475416
475418
475426
475428
475430
475432
475434
475436
475438
475440
475442
475444
475446
475450
475452
475454
475456
475458
475460
475462
475464
475466
475468
475470
475472
475474
475476
475478
475480
475482
475484
475486
475488
475490
475492
475494
475496
475498
475500
475502
475504
475506
475508
475510
475512
475516
475518
475520
475522
475524
475526
475528
475530
475532
475534
475536
475538
475540
475542
475544
475546
475548
475550
475552
475554
475556
475558
475560
475562
475564
475566
475568
475572
475574
475576
475578
475580
475582
475584
475586
475588
475590
475592
475594
475596
475598
475600
475602
475608
475610
475612
475614
475616
475618
475622
475624
475626
475628
475630
475632
475634
475636
475638
475640
475642
475644
475646
475648
475650
475652
475654
475656
475658
475660
475662
475664
475666
475668
475670
475672
475674
475676
475678
475680
475682
475684
475686
475688
475690
475692
475694
475696
475738
475740
475810
475950
475988
475990
475992
475994
475996
475998
476000
476002
476004
476006
476008
476010
476012
476014
476016
476018
476020
476022
476380
476384
476702
476704
476706
476708
476710
476712
476714
476716
476718
476720
476722
476724
476726
476728
476730
476732
476734
476736
476738
476740
476742
476744
476748
476750
476752
476754
476756
476760
477124
477126
477128
477130
477132
477134
477136
477138
477140
477142
477144
477146
477148
477150
477152
477154
477156
477158
477160
477162
477166
477168
477170
477172
477176
477178
477180
477182
477184
477186
477190
477192
477194
477196
477198
477200
477202
477204
477206
477208
477210
477212
477214
477216
477218
477220
477222
477224
477226
477228
477230
477232
477234
477236
477238
477240
477242
477244
477246
477248
477250
477252
477254
477256
477258
477260
477262
477264
477266
477268
477270
477272
477274
477276
477278
477280
477282
477286
477288
477290
477292
477294
477296
477298
477300
477302
477304
477308
477310
477312
477314
477316
477318
477320
477982
478024
478068
478212
478222
478882
479746
480240
480242
483710
483712
498000
498002
498004
498006
498008
498010
498012
498014
498016
498018
498020
498022
498024
498026
498028
498030
498032
498034
498036
498038
498040
498050
498080
498084
498098
498104
498106
498108
498114
498116
498118
498120
498122
498124
498126
498128
498130
498132
498134
498136
498138
498140
498142
498144
498146
498148
498150
498154
498162
498172
498176
498178
498186
498190
498194
498198
498202
498206
498208
498212
498216
498220
498230
498232
498236
498240
498244
498248
498260
498264
498314
498318
498326
498332
498352
498354
498356
498358
498360
498362
498364
498366
498368
498370
498372
498374
498376
498378
498380
498382
498486
498488
498490
498492
498494
498496
498498
498500
498502
498524
498526
498530
498546
498550
498562
498570
498574
498578
498586
498590
498594
498598
498602
498606
498610
498618
498622
498624
498626
498628
498630
498634
498638
498642
498650
498658
498666
498670
498674
498678
498778
499624
499628
499632
499636
499640
499644
499876
500318
500898
501080
501208
501224
501226
501228
501426
501434
501438
501442
501446
501450
501454
501458
501462
501526
501534
501538
501542
501546
501550
501590
502354
502630
502634
502638
502644
502652
502656
502660
503916
504270
504740
504742
504744
504748
504750
504754
504766
504768
504770
504772
504774
504776
504778
505750
505786
505792
505802
505816
505820
505830
505868
505894
505930
505998
506000
506026
506056
508822
509190
509196
510498
510504
510506
510508
510510
510512
510514
510516
510518
510520
510522
510524
510526
510528
510530
510532
510534
510536
510538
510540
510542
510544
510546
510548
510550
510552
510554
510556
510558
510560
510562
510564
510566
510568
510572
510574
510576
510578
510580
510582
510584
510586
510588
510590
510592
510594
510596
510598
510600
510602
510606
510608
510610
510612
510614
510616
510618
510620
510622
510624
510628
510630
510632
510634
510636
510638
510640
510642
510644
510646
510648
510650
510652
510654
510656
510658
510660
510662
510664
510666
510670
510672
510674
510676
510678
510680
510682
510686
510692
510694
510696
510698
512200
512202
512204
512206
512822
512826
512834
517190
520768
520772
520774
529462
529464
529466
529468
529472
529474
529476
529478
529480
529482
