126830
126832
126834
126836
126838
126840
126842
126844
126846
126848
126850
126852
126854
126856
126858
126860
126862
126864
126866
126868
126870
126872
126874
126876
127252
127258
127264
127488
127490
127492
127494
127496
127498
127754
127756
127758
127760
127762
127764
127822
127824
127826
127828
127852
128414
128416
128418
128420
128422
128424
128426
128428
128430
130932
130934
130936
130938
130940
130942
130944
130946
130948
130950
130952
130954
130956
130958
130960
130962
130964
130966
130968
130970
130972
130974
130976
130978
130980
130982
130984
130986
130988
130990
130992
