90912
90914
90916
90918
90920
90922
90924
97348
97350
97352
103542
111554
112374
112376
112378
112380
112382
112384
112386
112388
112390
112392
112394
112396
112398
112400
112402
112406
112490
113808
113810
113812
113816
113838
113848
113864
113870
113874
118040
118042
118044
118046
118048
118052
118054
118056
118058
118060
118062
118064
118066
118460
119174
119220
119222
119224
119226
119228
119230
119272
119276
119278
119324
119722
120956
120958
120960
120962
120964
120966
120968
120970
120972
120974
120976
120978
120980
120984
120986
120988
121006
121010
121014
121030
121032
121146
121150
121152
121156
121158
121162
121164
121166
121168
121170
121172
121174
121176
121178
121182
121184
121186
121188
121190
121192
121194
121196
121200
121206
121212
121216
121218
121222
121224
121228
121230
121232
121234
121236
121238
121240
121242
121244
121248
121250
121252
121254
121256
121258
121260
121262
121270
121282
121306
121332
121334
121374
121376
122218
122226
122228
122232
122246
122248
122250
122262
122282
122294
122300
122324
122340
122342
122344
122362
122368
123522
123526
123532
124402
124524
124526
124530
124548
124742
125404
125406
125408
125410
125412
125416
125418
125420
125422
125424
125426
125428
125430
125432
125434
125436
125438
125440
125448
125450
125458
125466
125468
125476
125478
125480
125482
125484
125486
125488
125490
125492
125496
125498
125500
125502
125504
125506
125510
125516
125518
125520
125602
125604
125606
125608
125612
125614
125618
125620
125624
125628
127194
127348
127350
127422
127570
127572
127648
127650
127710
127712
127716
128448
129782
129784
129786
129794
129806
129808
129810
129812
129814
129884
129888
129890
129896
129898
129900
129902
129904
129906
130046
130048
130050
130052
130054
130056
130058
130062
130066
130994
130996
130998
131000
131002
131004
131006
131008
131010
131012
131014
131016
131022
131026
131028
131032
131042
131044
131046
131050
131052
131162
131164
131166
131168
131172
131174
131176
131178
131180
131182
131184
131186
131188
131190
131192
131196
131198
131200
131202
131742
131756
131762
131764
131766
131772
131774
131776
131778
131780
131784
131786
131788
131790
131792
131794
131800
131804
131806
131808
131810
131812
133962
134056
134088
134094
134128
134134
134138
134142
134152
134222
134234
134250
134260
134264
134268
134280
134282
134284
134286
134288
134292
134294
134304
134306
134310
134312
134316
134330
134332
134334
134336
134338
134340
134342
134348
134356
134408
134410
134534
134650
134652
134654
134656
136178
136240
136242
136244
136246
136310
136312
136314
136316
136318
136322
136324
136326
136328
136330
136332
136336
136340
136342
136344
136346
136348
136352
136354
136356
136358
136364
136366
136368
136370
136372
136374
136376
136378
136380
136382
136384
136386
136388
136390
136392
136394
136396
136398
136400
136408
136412
136414
136418
136420
136422
136424
136426
136428
136430
136432
136434
136436
136440
136442
136446
136450
136452
136454
136456
136458
136460
136462
136464
136466
136472
136474
136476
136478
136482
136484
136486
136490
136492
136494
136496
136498
136500
136502
136504
136506
136508
136510
136512
136514
136516
136518
136520
136522
136524
136526
136528
136530
136532
136534
136536
136538
136540
136542
136544
136546
136548
136550
136552
136554
136558
136560
136562
136564
136570
136572
136940
136944
137598
141636
142176
143268
143278
143280
143282
143284
143288
143290
143292
143294
143296
143298
143300
143302
143306
143308
143310
143536
143886
143908
143928
143936
143952
143956
143958
143964
143968
144818
144856
144884
144886
144888
144892
144920
144924
144926
144954
144956
144958
145308
145310
145312
145314
145316
145318
145320
145322
145328
145330
145332
145334
145336
145338
149122
149124
149126
149130
151882
151884
151886
151888
151890
154138
156104
156106
156110
156112
156114
156116
156118
156120
156126
156128
156132
156136
156140
156142
156160
156162
156164
156166
156168
156170
156172
156174
156176
156178
156180
156182
156184
156186
156188
156190
156202
156204
156208
156258
156260
156262
156314
156322
156328
156332
156334
156336
156340
156348
156460
156462
156464
156466
156470
156474
157358
159806
159808
159812
159832
159834
159838
159842
159846
159850
159854
162850
162852
162854
162856
162858
162860
162862
162864
168626
176738
176742
176746
176748
176752
176754
176756
209286
209344
209346
209348
209352
209356
209358
209368
209374
211510
211516
211518
211520
211522
211524
211526
211528
211530
211532
211534
211536
212272
229346
229348
229350
229352
229354
229356
231816
231918
231920
231922
231932
252638
253118
253120
253124
253128
254538
254540
254542
254544
257614
269986
270752
272845
273316
273318
273320
273598
282712
282714
282716
282718
282720
282722
282724
282730
282732
282742
282746
282750
282752
282756
282760
282762
282768
282770
282772
282774
282778
282784
282786
282790
282792
282798
282800
282802
282804
282806
282808
282810
282812
282814
282816
282818
282820
282822
282824
282826
282828
282830
282832
282838
282840
282842
282846
282850
282852
282854
282856
282858
282860
282866
282868
282870
282872
282874
282876
282878
282880
282888
282892
282896
282900
282904
282906
282908
282912
282914
282916
282920
282922
282924
282928
282930
282936
282938
282940
282944
282946
282948
284598
284612
284620
284622
284634
284638
284644
284652
284660
284662
284668
284670
288882
288898
288906
288910
288938
288946
288984
295212
296208
296794
296796
296802
316080
316084
316086
316088
316090
316094
316098
316104
316108
316110
316112
316114
316116
316118
316120
316124
316126
316132
316134
316136
316138
316140
316142
316146
316150
316152
316154
316156
316158
316160
316166
316168
316170
316174
316176
316178
316180
316182
316186
316188
316190
316192
316194
316198
316202
316220
316226
316228
316230
316234
316236
316238
316240
316242
316244
316246
316248
316252
316254
316256
316258
316260
316262
316264
316266
317504
317506
317508
317554
317570
317608
317620
318446
318448
318450
318452
318454
318456
318458
318460
318462
318464
318466
318468
318474
318476
318482
318484
318486
318492
318496
318514
318516
318518
318520
318522
318524
318526
318528
318530
318532
318534
318536
318538
318540
318542
318544
318546
318548
318550
318552
318554
318556
318558
318560
318562
318566
318568
318570
318572
318574
318576
318578
318580
318582
318584
318586
318588
318592
318594
318596
318598
318600
318602
318604
318606
318610
318612
319322
319324
319326
319328
319330
319332
319334
319336
319338
319342
319348
319352
319356
319358
319360
319364
319366
319368
319372
319374
319376
319380
319382
319386
319388
319390
319394
319396
319398
319400
319402
319406
319408
319420
319424
319426
319428
319430
319434
319436
319438
319440
319444
319446
319448
319450
319452
319454
319456
319458
319460
319464
319468
319470
319476
319484
319486
319488
319490
319496
319500
319504
319506
319508
319510
319512
320438
320444
320446
320450
320452
320454
320462
320464
320466
320470
320472
320476
320478
320480
320484
320486
320488
320494
320496
320498
320504
320506
320512
320514
320516
320518
320520
320524
320530
320532
320534
320538
320540
320542
320544
320546
320548
320550
320552
320554
320558
320560
320562
320566
320568
320572
320586
320592
320598
320600
320602
320604
320606
320608
320610
320612
320618
320620
320622
320624
320626
320628
320630
321240
321242
321248
321250
321252
321254
321256
321258
321260
321266
321268
321270
321272
321274
321276
321282
321290
321294
321296
321300
321304
321308
321312
321314
321316
321318
321320
321328
321330
321332
321336
321338
321342
321344
321346
321348
321350
321354
321356
321358
321360
321368
321370
321374
321376
321378
321384
321392
321398
321402
321406
321408
321410
321412
321414
321416
321420
321422
321424
321426
321428
321430
321434
321436
321438
321440
321442
321446
321448
321450
321452
321512
321514
321516
321518
321520
321522
321524
321526
321528
321964
321972
321986
321994
322008
322022
322024
322058
322072
322074
322076
322078
322086
322540
322544
322546
322554
322562
322564
322572
322574
322584
322590
322592
322594
322596
322600
322602
322604
322608
322614
322618
322624
322628
322638
322644
322646
322648
322652
322656
322660
322666
323140
323146
323150
323154
323156
323164
323172
323180
323182
323184
323188
323192
323200
323202
323204
323206
323210
323214
323222
323224
323226
323228
323230
323236
323238
323240
323242
323248
323250
323252
323256
323258
323260
323262
323264
323266
323268
323270
323272
323274
323276
323278
323280
323284
323286
323558
323560
323562
323564
323568
323570
323572
323574
323576
323578
323580
323592
324198
324200
324202
324204
324206
324208
324210
324214
324216
324218
324220
324222
324224
324228
324230
324232
324234
324236
324238
324240
324242
324246
324252
324254
324256
324258
324262
324264
324268
324274
324276
324278
324280
324282
324284
324286
324288
324290
324736
324738
324740
324744
324746
324748
324750
324756
324758
324760
324764
324766
324768
324770
324772
324774
324776
324778
324780
324784
324786
324788
324790
324792
324796
324798
324806
324810
324812
324814
324822
324824
324826
324828
324830
324832
324834
324836
324838
324840
324844
324846
324850
324854
324856
324858
324860
324862
324864
324866
324868
324870
324872
324874
326406
326408
326410
326414
326418
326424
326430
326432
326434
326436
326438
326440
326442
326446
326448
326450
326454
326456
326462
326466
326472
326476
326478
326480
326482
326484
326486
326490
326502
326504
326506
326508
326510
326518
326520
326524
326526
326530
326532
326540
326560
326566
326568
326570
326574
326576
326578
326580
326582
326590
326596
326600
326602
326604
326606
326608
326610
326612
326614
326618
326620
327044
327046
327054
327056
327058
327064
327066
327070
327086
327094
327112
327114
327118
327124
327146
327152
327174
327720
327726
327736
327742
327744
327746
327750
327754
327774
327778
327784
327786
327790
327798
327800
327804
327806
327852
327868
327870
327876
327878
327880
327886
327888
327890
327892
327896
327898
327900
327902
327904
327906
328362
328370
328374
328384
328390
328392
328396
328398
328400
328402
328404
328406
328408
328410
328416
328418
328422
328424
328428
328430
328434
328438
328440
328444
328446
328452
328460
328464
328474
328476
328488
328490
328494
328496
328498
328500
328504
328506
328544
328546
328548
328550
328554
328646
328654
328656
328658
328660
328664
328666
328668
328672
328674
328676
328678
329468
329470
329472
329474
329476
329478
329480
329482
329484
329486
329488
329490
329492
329494
329496
329498
329500
329502
329504
329506
329508
329510
329512
329514
329518
329520
329524
329526
329528
329530
329532
329534
329536
329538
329540
329542
329544
329546
329548
329550
329552
329554
329556
329558
329560
329562
329564
329566
329568
329570
329572
329574
329576
329578
329580
329582
329584
329586
329588
329590
329594
329596
329598
329600
329602
329604
329606
329608
329610
329612
329614
329616
329618
329620
329622
329624
329626
329628
329630
329632
329634
329636
329638
329640
329642
329644
329646
329648
329650
329654
329656
329660
329662
329664
329666
329670
329672
329674
329676
329678
329680
329682
329684
329686
329688
329690
329692
329694
329696
329698
329700
329702
329704
329706
329708
329710
329714
329716
329718
329720
329722
329724
329726
329728
329730
329732
329736
329738
329740
329742
329744
329750
329752
329754
329756
329758
329760
329762
329764
329766
329768
329770
329772
329774
329776
329778
329780
329782
329784
329786
329788
329790
329792
329794
329796
329798
329802
329804
329806
329812
329814
329816
329818
329826
329832
329846
329848
329850
329908
329912
329914
329916
329918
329920
329922
329924
329926
329928
331398
331400
331406
331408
331412
331420
331422
331424
331428
331434
331436
331438
331440
331442
331444
331446
331450
331452
331454
331458
331460
331462
331468
331470
331472
331474
331476
331478
331480
331482
331484
331486
331488
331490
331492
331496
331520
331524
331526
331528
331530
331532
331534
331538
331540
331542
331544
331546
331548
331550
331552
331554
331556
331558
331560
331566
331570
331580
331588
331592
331594
331596
331600
331602
331604
331606
331608
331610
331612
331614
331616
331618
331622
331624
331626
331634
331648
331650
331652
331662
331664
331666
331668
331670
331674
331678
331680
331684
331686
331688
331690
331692
331694
331698
331700
331702
331706
331714
331718
331720
331722
331724
331726
331728
331730
331732
331734
331736
331738
331742
331746
331750
331752
331754
331756
331758
331760
331762
331766
331770
331772
331774
331778
331780
331782
331784
331788
331790
331792
331796
331798
331800
331802
331804
331806
331808
331810
331812
331814
331848
331850
331858
331860
331862
331864
331866
331868
331870
331872
331874
331876
331910
331912
331914
331916
331918
331920
331928
331930
331934
331936
331940
331942
331944
331946
331948
331954
331956
331958
331960
331962
331964
331966
331968
331972
331976
331980
331982
331992
331994
332040
332042
332044
332046
332048
332050
332052
332054
332056
332058
332060
332062
332064
332066
332068
332070
332072
332074
332076
332078
332080
332084
332086
332088
332420
332422
332424
332428
332430
332432
332434
332436
332438
332440
332442
332444
332446
332448
332450
332452
332454
332456
332460
332462
332466
332478
332480
332482
332534
332536
332538
332540
332542
332544
332546
332548
332550
333432
333438
333442
333444
333446
333450
333452
333454
333456
333458
333460
333464
333468
333470
333474
333476
333478
333482
333484
333492
333500
333504
333506
333510
333518
333524
333532
333534
333542
333548
333550
333552
333562
333564
333566
333568
333570
333572
333574
333576
333578
333580
333586
333588
333594
333598
333600
333602
333604
333606
333608
333610
333612
333620
333630
333632
333634
333638
333658
333660
333662
333666
333668
333672
333676
333678
333684
333688
333690
333692
333694
333696
333704
333706
333708
333710
333712
333714
333716
333722
333724
333728
333730
333732
333734
333738
333740
333742
333744
333746
333748
333750
333752
333756
333758
333762
333764
333766
333768
333770
333772
333774
333780
333782
333784
333786
333788
333790
333792
333794
333796
333846
333848
333850
333852
333858
333860
333960
333962
333966
333968
333970
333972
333974
333976
333978
333980
333982
334088
334090
334092
334226
334228
334242
334244
334246
334250
334252
334254
334256
334258
334260
334438
334440
334442
334448
334454
334456
334458
334460
334462
334464
334466
334468
334472
334474
334478
334480
334482
334484
334498
334500
334502
334504
334506
334510
334512
334672
334674
334676
334678
334680
334682
334684
334686
334688
334690
334692
334694
334696
334698
334700
334702
334704
334708
334712
334714
334716
334718
334720
334722
334724
334726
334728
334866
334868
334870
334876
334884
334886
334888
334890
334892
334894
334896
335048
335050
335052
335054
335056
335058
335060
335066
335068
335070
335080
335084
335086
335088
335090
335092
335096
335098
335100
335104
335106
335108
335266
335268
335272
335274
335276
335278
335280
335282
335284
335286
335288
335290
335294
335296
335298
335302
335304
335306
335308
335312
335314
335318
335320
335322
335324
335326
335328
335332
335334
335924
335928
335934
335936
335938
335940
335950
335952
335956
335960
335962
335976
335980
335982
335986
335988
335994
336000
336004
336006
336010
336012
336014
336016
336022
336026
336028
336030
336032
336036
336038
336040
336042
336044
336046
336050
336062
336064
336068
336070
336072
336084
336086
336088
336090
336094
336102
336104
336108
336112
336118
336120
336122
336126
336134
336138
336142
336144
336146
336148
336152
336158
336164
336166
336168
336182
336184
336186
336188
336190
336192
336194
336200
336202
336206
336260
336262
336264
336266
336268
336270
336272
336488
336490
336494
336500
336504
336506
336508
336512
336514
336516
336518
336520
336530
336532
336534
336536
336538
336542
336546
336550
336554
336556
336564
336568
336574
336908
336912
336916
336920
336922
336924
336938
336944
336966
336970
336972
336974
336976
336982
336984
336986
336990
336992
336998
337000
337852
337860
337862
337864
337870
337872
337884
337896
337900
337990
338010
338012
338014
338020
338036
338040
338064
338068
338084
338088
338090
338092
338098
338100
338102
338104
338106
338108
338116
338122
338126
338130
338150
338154
338166
338170
338172
338176
338178
338180
338182
338184
338186
338188
338194
338196
338198
338204
338216
338220
338222
338224
338226
338228
338230
338232
338234
338236
338238
338240
338242
338246
338250
338252
338254
338610
338612
338614
338618
338620
338622
338624
338628
338636
338640
338858
338860
338862
338864
338866
338868
338870
338872
338874
338876
338878
338880
338882
338884
338886
338888
338892
338896
338898
338948
338950
338952
338956
338958
338962
338964
339060
339062
339064
339066
339068
339070
339072
339074
339076
339080
339082
339084
339088
339090
339188
339192
339194
339196
339198
339200
339202
339204
339206
339210
339212
339214
339218
339220
339222
339224
339226
339228
339378
339380
339382
339384
339386
339388
339390
339392
339394
339396
339398
339400
339402
339404
339406
339410
339412
339414
339416
339418
339420
339422
339424
339426
339428
339430
339432
340128
340130
340134
340158
340160
340162
340172
340174
340176
340178
340180
340182
340184
340186
340190
340196
340198
340200
340202
340204
340206
340208
340218
340222
340224
340554
340556
340560
340562
340564
340566
340570
340572
340574
340576
340578
340582
340584
340586
340588
340590
340592
340594
340596
340598
340602
340604
340606
340608
340610
340612
340614
340616
340618
340620
340622
340624
340626
340628
340630
340632
340950
340952
340954
340956
340958
340960
340962
340964
340970
340972
340974
340976
340978
340980
340982
340984
340986
340988
340990
340992
340994
340996
340998
341002
341004
341006
341008
341010
341012
341014
341016
341018
341020
341022
341024
341026
341028
341346
341348
341350
341352
341354
341356
341358
341366
341368
341372
341374
341376
341378
341380
341382
341384
341386
341388
341390
341392
341394
341398
341400
341402
341404
341406
341408
341410
341412
341414
341416
341418
341420
341424
341528
341530
341532
341534
341536
341538
341540
341542
341544
341548
341550
341554
341556
341774
341776
341780
341782
341784
341788
341790
341792
341804
341806
341808
341810
341814
341816
341818
341820
341822
341824
341828
341830
341832
341834
341836
341838
341840
341842
341844
341846
341848
341850
341980
341986
341996
342000
342002
342004
342006
342014
342016
342018
342142
342150
342154
342164
342168
342170
342172
342174
342176
342178
342182
342184
342186
342310
342314
342318
342322
342326
342328
342330
342332
342334
342338
342340
342344
342346
342348
342350
342352
342354
342478
342486
342496
342500
342502
342504
342506
342508
342510
342512
342516
342518
342520
342522
342646
342654
342670
342676
342678
342680
342682
342684
342686
342688
342690
342814
342822
342826
342830
342838
342844
342846
342850
342852
342854
342856
342858
342970
343068
343072
343080
343086
343088
343090
343092
343096
343098
343548
343550
343554
343560
343566
343568
343570
343872
343874
343876
343878
343880
343884
343888
343894
343908
343910
343912
343916
343920
343922
343924
343926
343928
343930
343934
343936
343940
343944
343946
343950
343962
343966
343970
343974
343978
343982
343984
343990
343994
343996
343998
344010
344392
344400
344414
344416
344418
344420
344422
344434
344438
344452
344518
344520
344522
344526
344530
344534
344536
344538
344540
344542
344544
344546
344550
344552
344554
344556
344558
344560
344562
344564
344568
344570
344572
344620
344622
344624
344626
344628
344630
344670
344672
344674
344676
344850
344852
344854
344868
344870
344876
344878
344898
344900
344904
344906
345266
345268
345270
345276
345278
345280
345282
345284
345306
345450
345452
345454
345458
345462
345464
345466
345468
345470
345472
345474
345476
345478
345480
345482
345484
345486
345492
345494
345496
345500
345502
345504
345506
345508
345510
345534
345956
345962
345964
345966
345968
345970
345972
345974
345976
345978
345982
345984
345986
345988
345990
345992
345994
345996
345998
346004
346006
346014
346016
346018
346020
346022
346024
346026
346028
346030
346032
346034
346038
346040
346042
346044
346046
346048
346050
346052
346054
346056
346058
346060
346064
346066
346068
346070
346074
346076
346078
346082
346084
346088
346098
346100
346104
346106
346110
346116
346118
346120
346122
346132
346134
346136
346140
346150
346152
346154
346186
346188
346408
346410
346416
346418
346422
346424
346430
346436
346438
346440
346442
346444
346446
346448
346450
346452
346454
346456
346458
346460
346462
346464
346466
346468
346470
346472
346474
346476
346478
346480
346482
346484
346494
346496
346498
346500
346502
346656
346674
346706
346790
346794
346796
346802
346804
346808
346810
346812
347070
347124
347126
347324
347338
347342
347356
347368
347374
347376
347384
347386
347388
347392
347394
347400
347706
347712
347714
347716
347722
347724
347730
347740
347742
347764
347790
347802
347814
347818
347828
347830
347832
347834
347836
347838
348472
348476
348478
348480
348488
348490
348492
348496
348498
348500
348506
348508
348510
348522
348526
348528
348530
348538
348540
348542
348548
348550
348552
348556
348558
348560
349212
349284
349286
349288
349290
349292
349296
349298
349300
349302
349304
349306
349308
349312
349314
349316
349318
349320
349322
349328
349330
349332
349334
349336
349338
349340
349342
349344
349346
349348
349352
349354
349358
349360
349362
349364
349366
349368
349370
349372
349374
349376
349378
349382
349384
349386
349388
349390
349392
349394
349396
349398
349400
349402
349404
349406
349408
349410
349412
349416
349418
349420
349422
349424
349426
349428
349430
349432
349434
349436
349438
349440
349442
349444
349446
349448
349450
349452
349454
349456
349458
349460
349462
349464
349466
349468
349470
349472
349474
349476
349478
349482
349484
349488
349490
349494
349496
349498
349502
349504
349506
349508
349510
349564
349566
349568
349570
349572
349574
349576
350256
350276
350280
350300
350304
350306
350310
350312
350314
350316
350318
350324
350326
350328
350330
350334
350352
350356
350358
350366
350392
350394
350402
350406
350408
350410
350414
350416
350418
350420
350422
350424
350426
350430
350434
350436
350438
350444
350446
350448
350450
350452
350454
350476
350478
350480
350482
350484
350488
350490
350496
350498
350500
350502
350504
350506
350508
350512
350514
350516
350518
350520
350528
350538
350540
350542
350544
350546
350548
350550
350552
350554
350556
350558
350560
350562
350614
350616
350618
350620
350622
350624
350626
350628
351098
351100
351102
351104
351106
351108
351112
351114
351116
351118
351124
351126
351128
351130
351150
351154
351156
351158
351160
351162
351164
351166
351168
351170
351172
351176
351178
351182
351184
351186
351188
351190
351192
351196
351198
351200
351202
351204
351206
351210
351212
351214
351216
351222
351224
351226
351228
351232
351234
351238
351240
351310
351312
351316
351318
351320
351322
351324
351326
351328
351330
351332
351514
351516
351518
351520
351522
351524
351526
351528
351530
351532
351534
351536
351538
351542
351544
351546
351548
351550
351552
351556
351558
351560
351562
351564
351566
351568
351570
351574
351576
351578
351580
351582
351584
351586
351954
351960
351962
351964
351966
351968
351970
351972
351974
351976
351984
352088
352090
352092
352094
352096
352098
352100
352106
352114
352488
352490
352492
352494
352498
352502
352504
352508
352510
352512
352514
352516
352520
352522
352524
352526
352528
352530
352532
352534
352538
352540
352542
352544
352558
352560
352562
352564
352566
352570
352572
352574
352576
352578
352580
352582
352584
352586
352588
352590
352592
352594
352596
352598
352600
352602
352604
352606
352608
352612
352616
352618
352620
352622
352624
352628
352630
352632
352634
352636
352638
352642
352644
352648
352650
352654
352656
352660
352832
352836
352838
352840
352844
352846
352848
352850
352852
352854
352856
352858
352862
352864
352866
353106
353108
353110
353112
353160
353162
353164
353166
353238
353240
353242
353246
353248
353250
353252
353256
353304
353306
353308
353310
353376
353378
353380
353382
353386
353436
353438
353440
353760
353762
353766
353768
353770
353772
353778
353780
353784
353788
353790
353792
353800
353804
353806
353808
353810
353812
353814
353816
353818
353820
353822
353824
353826
353828
353830
353832
353834
353836
353838
353840
353842
353844
353846
353848
353850
353852
353854
353856
353858
353860
353862
353864
353870
353872
353874
353876
353878
353880
353882
353884
353888
353890
353892
353894
353896
353898
353900
353906
353910
353962
353964
353966
353968
353970
353972
353974
353976
354186
354194
354196
354198
354200
354202
354206
354208
354210
354212
354214
354216
354222
354224
354226
354228
354232
354234
354236
354238
354244
354246
354248
354250
354254
354256
354258
354392
354394
354396
354400
354402
354404
354406
354408
354410
354412
354414
354420
354422
354424
354428
354430
354432
354434
354444
354446
354450
354544
354546
354550
354556
354560
354562
354564
354566
354568
354572
354574
354576
354580
354582
354656
354658
354660
354662
354664
354666
354668
354674
354682
354684
354734
354736
354744
354746
354750
355162
355164
355166
355168
355170
355172
355174
355180
355182
355184
355202
355204
355206
355208
355210
355212
355214
355218
355222
355224
355226
355230
355232
355234
355238
355240
355242
355244
355246
355248
355250
355254
355256
355258
355260
355262
355268
355270
355272
355274
355276
355278
355282
355284
355286
355288
355536
355564
355566
355568
355570
355572
355574
355578
355580
355582
355584
355588
355590
355592
355594
355598
355600
355760
355762
355764
355766
355784
355786
355794
355796
355798
355800
355802
355804
355808
355810
355812
356204
356206
356208
356212
356220
356222
356232
356234
356238
356240
356268
356270
356272
356276
356280
356286
356288
356290
356292
356310
356312
356314
356316
356318
356320
356322
356324
356326
356328
356330
356332
356334
356340
356342
356346
356348
356350
356352
356642
356644
356646
356652
356654
356656
356660
356664
356666
356668
356670
356672
356674
356676
356678
356680
356684
356686
356688
356692
356698
356700
356702
356704
356706
356726
356728
356730
356732
356734
356736
356738
356740
356742
356744
356746
356748
356752
356754
356756
356758
356760
356762
356764
356766
356770
356774
356776
356910
356916
356918
356920
356922
356926
356928
356930
356934
356936
356938
356940
356942
356944
356946
356950
356952
356954
356956
356958
356980
356982
357322
357324
357328
357330
357336
357342
357344
357346
357348
357350
357352
357354
357356
357358
357360
357362
357372
357374
357376
357378
357380
357382
357388
357396
357398
357402
357406
357408
357410
357412
357414
357416
357418
357420
357422
357424
357426
357428
357436
357438
357442
357444
357446
357452
357454
357630
357634
357636
357638
357640
357642
357644
357646
357648
357650
357652
357654
357658
357660
357664
357668
357672
357674
357678
357680
357686
357688
357690
357694
357696
357698
357706
357708
357736
357738
357912
357914
357916
357958
357960
357986
357988
358016
358018
358050
358052
358136
358138
358140
358144
358146
358148
358152
358154
358156
358158
358676
358678
358680
358682
358684
358686
358688
358692
358694
358696
358702
358704
358706
358708
358710
358712
358714
358716
358718
358752
358754
358756
358758
358760
358762
358764
358766
358768
358770
358772
358774
358776
358778
358782
358784
358786
358788
358792
358796
358798
358800
358860
358862
358864
358870
358872
358878
360030
360034
360040
360042
360044
360046
360048
360050
360052
360054
360056
360058
360060
360062
360064
360066
360068
360070
360072
360076
360080
360086
360088
360092
360094
360098
360104
360106
360108
360110
360112
360114
360116
360118
360120
360122
360124
360126
360128
360130
360134
360136
360140
360142
360144
360146
360148
360152
360154
360156
360160
360162
360166
360168
360172
360174
360176
360178
360182
360184
360186
360190
360194
360196
360198
360200
360202
360204
360206
360208
360210
360214
360216
360218
360220
360222
360224
360226
360228
360230
360232
360236
360238
360240
360242
360244
360248
360252
360258
360260
360264
360266
360270
360276
360278
360280
360284
360286
360288
360290
360292
360294
360302
360304
360306
360308
360310
360316
360320
360322
360324
360328
360332
360336
360340
360344
360346
360350
360352
360356
360358
360362
360372
360376
360380
360384
360386
360388
360390
360392
360394
360398
360406
360408
360414
360416
360418
360422
360424
360430
360438
360440
360442
360444
360446
360450
360452
360456
360458
360460
360462
360494
360496
360498
360500
360502
360504
360510
360512
360516
360518
360520
360522
360524
360526
360528
360530
360532
360534
360538
360540
360544
360546
360548
360558
360560
360562
360564
360570
360574
360576
360580
360582
360584
360586
360590
360592
360594
360682
360684
360686
360688
360690
360692
360694
360696
361306
361308
361310
361312
361314
361316
361318
361320
361322
361324
361328
361330
361338
361340
361342
361344
361348
361350
361354
361356
361358
361366
361368
361372
361376
361378
361380
361382
361384
361388
361390
361392
361394
361396
361398
361400
361404
361406
361408
361410
361412
361416
361422
361426
361428
361432
361434
361436
361438
361440
361442
361444
361446
361448
361452
361454
361458
361460
361462
361466
361468
361470
361472
361474
361476
361478
361480
361482
361484
361486
361488
361490
361492
361494
361496
361498
361502
361504
361506
361514
361516
361518
361520
361524
361528
361530
361534
361598
361600
361602
361604
361606
361608
361610
361612
361614
361620
361768
361770
361774
361786
361788
361792
361794
361796
361798
361802
361804
361810
361824
361826
361830
361914
362028
362030
362032
362034
362038
362040
362042
362044
362046
362048
362052
362054
362056
362058
362060
362062
362066
362068
362070
362072
362076
362106
362108
362170
362172
362176
362178
362180
362182
362184
362186
362190
362350
362352
362354
362358
362360
362362
362364
362368
362372
362374
362378
362380
362434
362436
362438
362440
362442
362444
362446
362448
362666
362668
362670
362672
362674
362676
362680
362682
362684
362686
362688
362692
362694
362696
362698
362700
362702
362706
362710
362712
362714
362716
362718
362756
362760
362764
362766
362934
362936
362938
362942
362944
362946
362948
362950
362952
362956
362960
362962
362966
362970
362974
362976
362982
362984
362988
362990
362992
362994
362996
362998
363000
363002
363004
363006
363146
363148
363150
363152
363154
363158
363160
363162
363164
363166
363168
363170
363172
363174
363180
363182
363184
363186
363188
363190
363192
363296
363298
363300
363302
363310
363312
363314
363318
363320
363322
363478
363480
363484
363488
363492
363494
363496
363498
363500
363502
363504
363506
363510
363512
363514
363516
363520
363522
363526
363528
363530
363532
363534
363540
363542
363544
363546
365096
365106
365112
365114
365116
365126
365130
365132
365134
365136
365144
365146
365148
365150
365154
365156
365158
365160
365162
365168
365180
365182
365184
365186
365188
365192
365194
365196
365198
365200
365202
365204
365208
365210
365212
365214
365218
365220
365224
365226
365228
365230
365234
365238
365240
365242
365244
365246
365248
365250
365252
365254
365256
365258
365260
365262
365264
365266
365268
365270
365276
365278
365280
365282
365284
365288
365290
365292
365294
365296
365298
365300
365302
365306
365308
365310
365312
365314
365316
365318
365320
365322
365324
365326
365328
365330
365332
365338
365340
365342
365418
365420
365424
365426
365428
365430
365432
365436
365438
365440
365442
365444
365446
365448
365454
365456
365458
365460
365462
365464
365466
365468
365472
365476
365480
365484
365488
365496
365508
365510
365512
365514
365516
365518
365520
365522
365524
365526
365528
365530
365532
365534
365536
365538
365540
365542
365544
365548
365550
365554
365556
365558
365560
365562
365564
365566
365570
365572
365574
365576
365578
365584
365586
365588
365590
365592
365594
365596
365598
365600
365602
365604
365606
365608
365610
365612
365614
365616
365618
365620
365622
365624
365626
365628
365630
365632
365634
365636
365638
365640
365642
365644
365646
365648
365650
365652
365654
365656
365658
365662
365664
365666
365670
365672
365676
365678
365682
365686
365688
365690
365692
365694
365696
365698
365702
365704
365706
365708
365710
365712
365716
365718
365720
365724
365726
365728
365730
365732
365734
365736
365738
365740
365742
365744
365746
365748
365750
365752
365754
365760
365762
365764
365766
365768
365774
365776
365778
365780
365782
365784
365786
365790
365792
365796
365798
365800
365804
365806
365808
365810
365812
365814
365816
365818
365820
365822
365826
365828
365830
365832
365834
365838
365840
365842
365844
365846
365848
365850
365854
365926
365928
365930
365932
365934
365936
365938
365940
365946
367056
367058
367060
367062
367064
367068
367070
367072
367074
367078
367080
367082
367084
367086
367088
367120
367122
367124
367126
367128
367130
367132
367136
367138
367140
367142
367144
367148
367150
367152
367154
367156
367158
367160
367162
367166
367168
367170
367172
367174
367176
367178
367180
367182
367184
367188
367190
367192
367194
367196
367198
367200
367202
367204
367206
367208
367210
367214
367216
367218
367220
367224
367226
367228
367230
367232
367234
367236
367238
367244
367246
367248
367250
367254
367256
367258
367260
367262
367264
367266
367268
367270
367272
367274
367276
367278
367280
367282
367284
367286
367288
367290
367292
367294
367296
367298
367300
367302
367304
367306
367308
367310
367312
367314
367316
367322
367324
367326
367330
367332
367334
367336
367338
367340
367342
367344
367350
367352
367358
367360
367362
367364
367366
367368
367372
367374
367376
367380
367382
367384
367386
367388
367390
367392
367394
367396
367398
367404
367406
367408
367410
367412
367414
367416
367418
367426
367428
367430
367432
367434
367436
367438
367440
367442
367444
367446
367450
367454
367458
367460
367462
367464
367466
367468
367470
367472
367474
367476
367478
367480
367482
367484
367486
367488
367490
367492
367496
367498
367500
367502
367504
367506
367508
367512
367516
367518
367520
367522
367524
367526
367530
367532
367534
367536
367540
367542
367544
367548
367552
367554
367556
367560
367610
367612
367614
367616
367618
367620
367742
367758
367760
367764
367766
367770
367772
367774
367776
367780
367784
367786
367790
367792
367794
367846
367850
367852
367854
367856
367858
367860
367938
367940
367942
367944
367946
367948
367950
367952
367954
367956
367962
368286
368288
368290
368292
368294
368296
368298
368300
368302
368304
368306
368308
368310
368314
368316
368318
368320
368324
368328
368334
368336
368346
368350
368354
368360
368364
368366
368382
368940
368974
368976
368980
368982
368984
368986
368988
368996
368998
369004
369006
369008
369012
369016
369018
369022
369024
369026
369028
369030
369032
369034
369038
369040
369042
369048
369052
369056
369058
369060
369062
369064
369066
369068
369070
369072
369074
369076
369078
369080
369082
369084
369086
369088
369090
369094
369096
369102
369106
369110
369118
369124
369126
369128
369130
369132
369134
369136
369138
369144
369146
369154
369156
369158
369166
369168
369170
369172
369176
369178
369180
369182
369184
369188
369194
369196
369198
369200
369202
369208
369210
369282
369286
369288
369290
369292
369294
369718
369720
369728
369730
369732
369734
369736
369738
369740
369742
369744
369748
369750
369752
369756
369766
369768
369772
369774
369776
369782
369786
369788
369790
369792
369794
369798
369802
369804
369806
369808
369812
369814
369822
369824
369826
369828
369830
369832
369836
369840
370090
370092
370094
370096
370098
370100
370102
370104
370106
370110
370114
370120
370122
370124
370126
370128
370130
370132
370134
370138
370142
370144
370146
370150
370152
370156
370158
370160
370162
370164
370166
370168
370170
370172
370176
370178
370180
370182
370184
370186
370264
370330
370332
370334
370336
370338
370340
370342
370344
370346
370348
370384
370386
370410
370556
370560
370562
370564
370566
370568
370570
370572
370576
370578
370580
370582
370584
370586
370592
370594
370596
370598
370600
370602
370604
370606
370608
370610
370612
370616
370618
370620
370804
370806
370808
370810
370812
370814
370816
370818
370824
370828
370830
370832
370834
370836
370838
370840
370842
370844
370846
370848
370850
370852
370854
370856
371398
371402
371404
371406
371408
371410
371412
371414
371418
371422
371424
371426
371428
371436
371448
371450
371452
371454
371456
371458
371460
371462
371464
371466
371468
371470
371472
371478
371480
371482
371484
371486
371490
371492
371494
371496
371498
371500
371504
371510
371512
371516
371520
371524
371526
371528
371530
371532
371534
371536
371538
371542
371544
371546
371548
371550
371552
371554
371556
371558
371566
371568
371570
371572
371574
371576
371578
371580
371582
371584
371652
371656
371658
371660
371662
371666
371668
371670
371672
371722
371726
371730
371732
371736
371786
371788
371792
371794
371796
371798
371840
371844
371846
371850
371928
371930
371934
371936
371938
371942
371944
371946
371948
371950
372028
372030
372034
372036
372038
372040
372042
372044
372046
372048
372052
372124
372126
372130
372132
372134
372136
372138
372140
372142
372144
372148
372150
372220
372222
372226
372228
372230
372232
372234
372236
372238
372240
372246
372316
372322
372324
372326
372330
372332
372334
372336
372340
372342
372384
372386
372390
372392
372396
372438
372440
372444
372446
372450
372494
372498
372500
372504
372546
372548
372552
372554
372558
373152
373154
373156
373158
373160
373162
373164
373166
373168
373170
373172
373174
373176
373178
373180
373182
373184
373186
373188
373190
373192
373194
373196
373198
373200
373202
373206
373210
373214
373216
373218
373220
373222
373224
373226
373228
373232
373234
373236
373238
373240
373248
373250
373252
373254
373256
373258
373260
373262
373264
373266
373268
373270
373272
373274
373276
373278
373280
373282
373288
373290
373294
373302
373306
373310
373312
373314
373316
373318
373320
373322
373324
373326
373328
373330
373332
373334
373336
373338
373340
373342
373344
373346
373348
373350
373352
373356
373358
373360
373362
373364
373366
373368
373370
373372
373378
373380
373826
373828
373830
373834
373836
373838
373840
373842
373844
373846
373848
373852
373854
373856
373858
373866
373868
373870
373878
373880
373882
373888
373890
373892
373894
373896
373910
373916
373920
373922
373926
373928
373930
373934
373938
373940
373944
373946
373948
373950
373952
373954
373960
373962
373964
373966
373968
374028
374032
374034
374036
374038
374040
374104
374544
374584
374608
374610
374612
374614
374616
374618
374620
374622
374624
374626
374628
374630
374636
374638
374640
374642
374644
374648
374650
374660
374666
374670
374672
374674
374678
374682
374684
374686
374690
374692
374694
374698
374702
374708
374712
374714
374718
374720
374722
374724
374726
374728
374730
374734
374736
374738
374740
374742
374746
374750
374754
374828
374830
374832
374834
374842
374844
374846
374850
375062
375064
375066
375068
375070
375072
375074
375076
375078
375156
375158
375162
375164
375166
375168
375170
375172
375174
375342
375496
375498
375500
375502
375504
375506
375508
375510
375586
375588
375590
375592
375594
375598
375600
375676
375678
375680
375682
375684
375686
375688
375690
375696
376072
376074
376076
376078
376102
376108
376126
376130
376134
376140
376166
376180
376282
376298
376300
376302
376304
376308
376310
376312
376314
376320
376464
376628
376630
376632
376634
376636
376638
376696
376702
376704
376706
376708
376710
376712
376714
376716
376820
376822
376824
376826
376828
376830
376832
376834
376838
376840
376842
376844
376846
376848
376934
376936
376938
376940
376942
376944
376946
376948
376950
376952
376958
376960
376962
376966
376968
377142
377146
377148
377150
377152
377158
377160
377162
377164
377170
377172
377176
377178
377180
377182
377184
377186
377188
377190
377196
377198
377202
377204
377206
377208
377212
377214
377218
377220
377716
377718
377720
377722
377724
377726
377728
377730
377734
377736
377738
377740
377742
377746
377748
377752
377756
377758
377760
377762
377764
377766
377768
377780
377782
377788
377790
377792
377794
377796
377798
377800
377802
377806
377808
377814
377816
377818
377822
377824
377826
377830
377832
377834
377838
377840
377842
377844
377846
377850
377852
377854
377856
377858
377860
377862
378010
378014
378016
378018
378020
378022
378024
378026
378028
378030
378040
378042
378044
378046
378048
378050
378052
378056
378060
378062
378064
378066
378068
378070
378072
378268
378436
378438
378440
378442
378446
378450
378452
378454
378458
378460
378462
378468
378470
378472
378478
378480
378484
378492
378494
378500
378502
378554
378556
378558
378560
378562
378564
378648
378650
378654
378656
378658
378660
378662
378664
378666
378668
378670
378672
378724
378726
378728
378730
378734
378776
378778
378780
379048
379050
379054
379056
379058
379060
379062
379064
379066
379068
379072
379074
379076
379084
379088
379090
379092
379094
379096
379098
379100
379104
379106
379110
379112
379114
379116
379118
379120
379122
379124
379126
379128
379130
379132
379134
379136
379140
379142
379144
379180
379182
379448
379452
379458
379460
379610
379622
379624
379626
379642
379644
379650
379654
379658
379660
379662
379984
379988
379990
379992
379994
379996
379998
380000
380002
380004
380006
380010
380014
380016
380170
380182
380184
380186
380188
380190
380192
380194
380196
380198
380200
380202
380204
380208
380214
380216
380218
380220
380222
380224
380226
380228
380230
380232
380234
380236
380238
380942
380944
380946
380948
380950
380952
380954
380956
380958
380960
380964
380966
380968
380974
380976
380978
380980
380982
380984
380986
380988
380990
380992
380996
381000
381004
381006
381010
381018
381020
381022
381024
381026
381028
381030
381034
381036
381042
381044
381046
381048
381050
381052
381054
381056
381058
381062
381066
381068
381070
381074
381076
381082
381088
381090
381092
381094
381096
381098
381100
381102
381104
381106
381108
381110
381118
381120
381122
381128
381130
381132
381134
381136
381138
381144
381146
381148
381150
381152
381154
381156
381158
381160
381162
381166
381170
381172
381174
381176
381178
381180
381182
381184
381186
381190
381192
381194
381196
381202
381204
381206
381208
381210
381214
381216
381220
381222
381224
381230
381232
381242
381256
381362
381364
381366
381368
381370
381376
381382
381384
381386
381388
381390
381736
381738
381740
381742
381744
381746
381748
381752
381754
381756
381758
381760
381762
381764
381766
381768
381770
381772
381774
381776
381778
381780
381782
381790
381792
381794
381796
381798
381800
381802
381804
381806
381812
381820
381822
381824
381828
382242
382246
382248
382250
382252
382258
382260
382262
382264
382266
382268
382272
382274
382276
382278
382280
382282
382284
382286
382290
382294
382296
382298
382300
382302
382306
382310
382314
382316
382318
382320
382322
382324
382326
382328
382332
382338
382340
382342
382346
382350
382354
382358
382360
382362
382720
382724
382728
382730
382732
382736
382738
382740
382744
382746
382748
382750
382752
382754
382756
382758
382760
382762
382764
382766
382768
382770
382772
382774
382780
382782
382784
382786
382788
382790
382792
382794
382796
382798
382800
382802
382804
382806
382808
382810
382812
382814
382818
383176
383178
383180
383182
383184
383186
383188
383194
383196
383198
383200
383204
383206
383208
383212
383214
383216
383218
383220
383222
383224
383226
383228
383230
383232
383234
383236
383238
383240
383242
383244
383246
383248
383250
383252
383254
383256
383258
383260
383262
383264
383266
383268
383270
383272
383274
383620
383622
383624
383626
383628
383630
383632
383634
383640
383642
383644
383646
383650
383652
383654
383656
383658
383660
383662
383664
383666
383668
383672
383674
383676
383678
383680
383682
383684
383686
383688
383690
383692
383694
383696
383698
383702
383704
383706
383708
383710
383712
384680
384684
384688
384692
384694
384696
384698
384702
384704
384708
384710
384712
384714
384716
384718
384720
384722
384726
384728
384730
384734
384736
384738
384740
384742
384744
384746
384748
384754
384756
384758
384762
384766
384770
384772
384774
384776
384778
384780
384782
384784
384786
384790
384792
384794
384796
384798
384800
384802
384804
384806
384808
384810
384812
384814
384818
384820
384822
384824
384826
384828
384830
384832
384834
384838
384842
384846
384848
384850
384852
384854
384856
384858
384860
384862
384864
384866
384868
384870
384872
384874
384876
384878
384880
384882
384884
384890
384892
384894
384896
384898
384900
384902
384904
384906
384908
384912
384914
384916
384918
384920
384922
384924
384926
384928
384930
384932
384934
384936
384938
384940
384944
384946
384948
384950
384952
384954
384958
384960
384962
384964
384968
384972
384976
384978
384980
384982
384984
384986
384988
384992
384994
384996
384998
385000
385002
385006
385008
385010
385012
385018
385022
385024
385026
385028
385030
385032
385034
385038
385040
385042
385044
385048
385052
385054
385056
385058
385060
385062
385064
385066
385068
385072
385074
385076
385078
385080
385082
385086
385090
385384
385388
385392
385394
385396
385398
385400
385402
385404
385406
385408
385410
385412
385416
385418
385422
385426
385428
385430
385432
385434
385436
385438
385440
385444
385446
385448
385450
385452
385454
385456
385460
385462
385464
385466
385468
385470
385474
385478
385480
385482
385484
385486
385488
385490
385492
385494
385496
385498
385500
385502
385504
385506
385508
385510
385516
385540
385542
385680
385682
385684
385686
385688
385690
385692
385694
385696
385698
385700
385702
385704
385706
385710
385714
385716
385718
385722
385724
385726
385730
385732
385734
385772
385774
385776
385778
385780
385996
385998
386000
386004
386006
386008
386010
386012
386014
386016
386018
386020
386022
386024
386026
386028
386032
386038
386044
386046
386048
386050
386052
386054
386056
386058
386062
386070
386076
386078
386080
386084
386086
386088
386412
386418
386420
386422
386424
386426
386428
386434
386436
386446
386448
386450
386452
386454
386456
386484
386486
386488
386490
386492
386494
386496
386498
386500
386502
386504
386506
386508
386510
386512
386514
386516
386518
386520
386522
386524
386528
386530
386532
386534
386536
386630
386632
386636
386638
386640
386644
386646
386648
386652
386654
386656
386660
386662
386664
386850
386852
386854
386856
386860
386864
386866
386870
386872
386874
386876
386880
386882
386886
386888
386890
386892
386898
386900
386902
386906
386908
386910
386912
386914
386916
386918
386920
386922
386924
387024
387026
387032
387034
387038
387040
387042
387044
387046
387048
387050
387052
387056
387058
387060
387262
387264
387266
387268
387274
387278
387282
387286
387288
387290
387294
387296
387298
387300
387302
387304
387306
387308
387310
387312
387314
387320
387330
387338
387342
387388
387626
387628
387634
387636
387638
387640
387642
387644
387646
387648
387652
387656
387658
387660
387662
387664
387666
387668
387672
387680
387682
387686
387688
387690
387692
387696
387700
387702
387704
387706
387708
387710
387712
387714
387718
387720
387722
387724
387726
387728
387730
387732
388170
388174
388176
388178
388180
388182
388184
388186
388190
388192
388194
388196
388198
388200
388206
388208
388210
388212
388216
388218
388220
388222
388224
388226
388228
388230
388232
388234
388236
388238
388240
388242
388244
388246
388248
388250
388252
388254
388256
388258
388260
388262
388264
388266
388268
388270
388272
388274
388276
388278
388280
388282
388288
388290
388292
388294
388296
388298
388300
388302
388306
388310
388312
388314
388316
388318
388320
388322
388324
388894
388896
388898
388900
388902
388904
388906
388908
388910
388912
388914
388916
388918
388920
388922
388924
388928
388930
388932
388934
388936
388938
388940
388944
388946
388948
388950
388952
388954
388956
388958
388962
388964
388966
388968
388974
388976
388978
388980
388982
388986
388990
388992
388994
388998
389000
389002
389004
389006
389008
389016
389020
389022
389024
389026
389028
389030
389032
389034
389036
389038
389040
389044
389046
389048
389052
389054
389056
389060
389062
389064
389066
389068
389070
389074
389076
389078
389082
389084
389086
389088
389090
389092
389094
389096
389098
389100
389102
389106
389108
389110
389112
389114
389116
389118
389120
389122
389124
389126
389128
389130
389132
389134
389136
389446
389452
389454
389492
389494
389496
389498
389500
389502
389504
389506
389508
389516
389518
389522
389524
389528
389530
389532
389534
389536
389538
389540
389542
389544
389550
389552
389554
389558
389560
389642
389644
389646
389650
389652
389656
389658
389664
389668
389926
389928
389930
389932
389936
389938
389940
389944
389946
389950
389952
389954
389956
389958
389960
389964
389972
389980
389982
389984
389986
389994
389996
389998
390000
390002
390004
390010
390014
390016
390018
390020
390026
390028
390030
390680
390684
390686
390688
390690
390692
390694
390696
390698
390700
390702
390706
390710
390714
390716
390718
390720
390722
390724
390728
390730
390736
390740
390742
390744
390746
390748
390750
390752
390754
390756
390758
390760
390762
390766
390768
390770
390772
390774
390776
390778
390780
390782
390784
390786
390790
390792
390800
390802
390804
390808
390812
390814
390816
390818
390820
390822
390824
390826
390830
390832
390834
390836
390838
390840
390842
390844
390846
390848
390852
390854
390856
390862
390864
390866
390868
390870
390876
390878
390880
390882
390884
390886
390888
390890
390892
390894
390898
390900
390902
390904
390908
390910
390912
390914
390916
390918
390922
390924
390926
390928
390930
390934
390940
390942
390944
390946
390948
390950
390952
390954
390956
390958
391526
391528
391534
391536
391538
391542
391544
391546
391552
391554
391556
391564
391566
391568
391570
391572
391574
391576
391578
391580
391582
391584
391588
391592
391594
391596
391600
391602
391606
391608
391610
391612
391614
391616
391618
391620
391622
391624
391630
391632
391634
391638
391640
391642
391644
391646
391648
391650
391652
391654
391656
391658
391660
391664
391668
391670
391674
391676
391680
391682
391684
391686
391690
391692
391694
391698
391700
391702
391704
391706
391708
391712
391714
391718
391720
391728
391730
391734
391736
391738
391740
391744
391746
391748
391750
391752
391754
391756
391762
391764
391766
391768
391770
391772
391774
391776
391778
391780
391782
391784
391786
391788
391790
391792
391794
391796
391798
392138
392140
392142
392144
392146
392148
392150
392152
392154
392156
392158
392160
392162
392164
392166
392168
392172
392176
392178
392180
392184
392186
392188
392190
392194
392198
392200
392202
392206
392208
392210
392214
392216
392218
392220
392222
392224
392226
392228
392232
392234
392236
392240
392242
392244
392246
392248
392252
392254
392256
392258
392264
392266
392268
392274
392276
392314
392316
392370
392372
392374
392376
392378
392380
392382
392432
392434
392436
392440
392442
392444
392446
392448
392486
392488
392490
392496
392582
392584
392588
392590
392592
392598
392602
392606
392610
392806
392810
392812
392814
392816
392818
392820
392822
392824
392826
392830
392832
392834
392836
392838
392840
392844
392846
392848
392850
392852
392854
392856
392858
392862
392864
392866
392872
392922
392924
392926
392930
392932
392934
393316
393318
393320
393322
393324
393326
393328
393330
393332
393334
393336
393338
393340
393342
393344
393346
393348
393350
393352
393354
393356
393358
393360
393364
393366
393370
393372
393374
393376
393378
393380
393382
393384
393386
393388
393390
393392
393394
393398
393404
393406
393408
393410
393412
393414
393416
393418
393420
393422
393424
393428
393430
393432
393436
393438
393440
393442
393444
393446
393448
393450
393454
393456
393458
393462
393464
393466
393468
393472
393474
393682
393692
393694
393696
393698
393700
393702
393704
393706
393708
393710
393712
393714
393718
393722
393724
393728
393732
393734
393738
393740
393748
393750
393752
393758
393760
393764
393766
393770
393772
393774
393900
393906
393910
393912
393914
393918
393920
393924
393926
393928
393930
393932
393934
393936
393938
393940
393942
393946
393950
393952
393954
394230
394238
394240
394242
394244
394246
394248
394252
394254
394258
394262
394264
394266
394268
394270
394272
394274
394276
394278
394280
394282
394284
394286
394288
394292
394296
394298
394300
394302
394304
394306
394308
394310
394312
394316
394318
394320
394322
394324
394326
394328
394330
394782
394784
394786
394788
394790
394792
394796
394798
394800
394802
394804
394812
394814
394818
394820
394824
394826
394830
394832
394834
394836
394838
394840
394844
394846
394848
394850
394852
394854
394856
394858
394860
394862
394864
394866
394870
394874
394876
394878
394884
394888
394892
394900
394906
394908
394910
394912
394914
394916
394920
394922
394924
394926
394928
394930
394932
394934
394936
394940
394942
394944
394946
394948
394950
394952
394954
394984
394986
395862
395864
395866
395868
395872
395874
395876
395880
395882
395884
395888
395890
395892
395894
395896
395898
395900
395902
395904
395906
395908
395910
395912
395914
395916
395918
395920
395922
395924
395926
395928
395930
395932
395934
395936
395938
395940
395942
395944
395946
395948
395950
395954
395956
395958
395964
395966
395968
395974
395976
395978
395980
395982
395984
395986
395990
395992
395994
395996
395998
396000
396002
396016
396020
396022
396024
396026
396028
396030
396032
396034
396036
396038
396040
396042
396052
396054
396056
396058
396060
396062
396064
396066
396068
396070
396072
396074
396076
396078
396080
396082
396084
396086
396088
396090
396092
396094
396096
396098
396100
396102
396104
396106
396110
396114
396116
396118
396120
396122
396124
396126
396128
396130
396132
396134
396136
396138
396140
396144
396146
396148
396152
396154
396156
396158
396162
396164
396172
396174
396176
396178
396180
396182
396258
396260
396724
396726
396730
396732
396734
396736
396738
396740
396742
396748
396750
396752
396756
396758
396760
396762
396764
396766
396768
396772
396776
396778
396780
396782
396784
396786
396788
396790
396792
396794
396796
396798
396800
396802
396804
396806
396808
396810
396812
396814
396816
396818
396820
396926
396928
396930
396932
396934
396936
396938
396940
396942
396944
396950
396952
396954
397060
397062
397064
397066
397068
397070
397072
397074
397076
397082
397084
397086
397478
397480
397482
397484
397486
397488
397490
397492
397494
397496
397498
397502
397504
397506
397508
397510
397514
397516
397522
397526
397528
397530
397532
397538
397540
397542
397544
397546
397548
397550
397552
397554
397556
397558
397560
397562
397564
397566
397568
397570
397572
397574
397576
397578
397580
397582
397584
397586
397588
397590
397592
397594
397596
397598
397600
397602
397604
397606
397610
397614
397616
397618
397620
397622
397624
397626
397628
397630
397632
397742
397744
397746
397748
397750
397752
398354
398356
398358
398360
398362
398366
398368
398370
398372
398374
398378
398380
398382
398384
398386
398388
398392
398400
398402
398406
398410
398412
398422
398430
398436
398440
398442
398444
398454
398456
398460
398462
398464
398466
398468
398470
398472
398474
398486
398488
398490
398492
398496
398500
398504
398510
398512
398514
398516
398518
398520
398526
398528
398532
398538
398540
398542
398544
398546
398548
398550
398552
398554
398556
398558
398562
398564
398566
398792
398794
398798
398800
398802
398804
398806
398814
398816
398818
398820
398824
398826
398888
398890
398894
398896
398898
398900
398902
398906
398908
398910
399312
399314
399316
399320
399322
399324
399326
399328
399330
399332
399334
399336
399338
399340
399346
399348
399350
399352
399356
399358
399360
399364
399366
399368
399376
399384
399386
399388
399390
399392
399394
399396
399400
399404
399406
399408
399412
399414
399416
399418
399420
399424
399426
399428
399430
399436
399438
399440
399442
399444
399448
399450
399452
399454
399456
399464
399466
399468
399470
399472
399474
400178
400182
400184
400188
400190
400192
400194
400196
400198
400200
400202
400206
400208
400210
400212
400214
400216
400218
400222
400226
400244
400246
400248
400250
400254
400256
400258
400260
400262
400264
400266
400268
400270
400272
400274
400276
400278
400280
400284
400286
400288
400290
400292
400294
400298
400300
400302
400304
400306
400308
400310
400312
400314
400318
400320
400322
400324
400326
400328
400330
400332
400334
400336
400338
400340
400342
400344
400346
400348
400350
400352
400354
400356
400358
400360
400362
400364
400368
400370
400372
400374
400378
400380
400382
400384
400386
400392
400394
400398
400400
400402
400404
400406
400410
400412
400414
400416
400418
400420
400460
400464
400466
400468
400470
400518
400520
400522
400524
400526
400528
400530
401448
401450
401452
401454
401456
401458
401460
401462
401464
401466
401468
401470
401472
401474
401478
401480
401482
401484
401486
401488
401492
401494
401496
401498
401500
401502
401504
401506
401508
401510
401512
401514
401516
401518
401520
401522
401524
401526
401528
401530
401532
401534
401536
401538
401540
401542
401544
401546
401548
401552
401554
401556
401558
401560
401562
401564
401568
401570
401572
401574
401576
401580
401582
401584
401586
401588
401590
401594
401596
401598
401600
401602
401604
401606
401608
401610
401612
401614
401616
401618
401620
401622
401626
401628
401630
401632
401634
401636
401638
401640
401644
401646
401648
401650
401652
401654
401656
401658
401660
401662
401664
401666
401668
401670
401674
401676
401678
401680
401682
401684
401686
401690
401696
401700
401702
401704
401706
401708
401710
401712
401714
401718
401720
401722
401726
401728
401730
401732
401734
401736
401738
401742
401744
401746
401750
401752
401756
401758
401760
401762
401764
401766
401768
401770
401772
401774
401776
401778
401780
401784
401786
401788
401790
401796
401798
401800
401802
401804
401806
401810
401812
401814
401984
401986
401988
401994
401996
401998
402000
402004
402006
402008
402012
402018
402020
402030
402032
402034
402036
402038
402042
402044
402048
402050
402052
402054
402088
402090
402094
402096
402114
403764
403766
403788
403790
403792
403796
403798
403800
403802
403804
403808
403810
403812
403814
403818
403820
403822
403824
403826
403828
403830
403872
405612
405614
405616
405618
405622
405624
405710
405764
405792
405794
405836
405900
405902
405930
405948
405950
405954
405976
406010
406122
406126
406132
406442
406448
406450
406452
406456
406460
406462
406464
406468
406470
406472
406474
406476
406488
406494
406496
406498
406500
406502
406504
406506
406516
406518
406520
406522
406524
406526
406530
406532
406998
407260
407423
407468
407470
407476
407480
407482
407484
407486
407488
407492
407496
407498
407500
407520
407524
407528
407530
407532
407534
407542
407546
407548
407934
407936
408682
408684
408686
408718
408720
408728
409136
409138
409142
409144
409154
410646
410654
410656
410658
410672
410674
410676
410680
410682
410684
410686
410690
410694
410696
410700
410706
410708
410714
410716
410718
410722
410724
410726
410730
410732
410734
410736
410738
410742
410746
410748
410750
410752
410754
410756
410758
410760
410762
410768
410772
410776
410778
410780
410782
410784
410786
410788
410794
410796
410798
410802
410806
410808
410810
410812
410814
410816
410818
410822
410830
410832
410834
410836
410840
410842
410844
410848
410850
410852
410854
410856
410860
410862
410864
410866
410868
410872
410874
410878
410880
410882
410884
410886
410888
410890
410892
410896
410898
410900
410904
410906
410908
410912
410914
410920
410924
410926
410928
410932
410934
410936
410938
410940
410942
410944
410946
410948
410950
410952
410954
410956
410958
410960
410962
410964
410966
410968
410974
410976
410980
410982
410984
411012
411016
411018
411022
411024
411026
411028
411030
411034
411036
411040
411042
411046
411050
411052
411056
411058
411060
411062
411064
411066
411068
411070
411072
411074
411076
411078
411080
411082
411084
411086
411088
411090
411092
411098
411104
411108
411110
411116
411118
411120
411140
411142
411146
411148
411150
411152
411154
411160
411162
411164
411166
411168
411230
411232
411236
411238
411302
411350
411352
411358
411360
412242
412244
412246
412252
412254
412266
412270
412272
412274
412278
412280
412282
412284
412292
412294
412298
412306
412308
412316
412322
412340
412342
412344
412346
412348
412356
412358
412362
412364
412366
412368
412370
412372
412374
412376
412378
412382
412388
412390
412392
412400
412406
412410
412412
412416
412418
412422
412426
412428
412434
412438
412440
412442
412446
412452
412454
412458
412460
412462
412464
412468
412470
412472
412474
412476
412478
412480
412482
412490
412492
412494
412496
412498
412500
412502
412504
412506
413084
413086
413088
413092
413186
413190
413274
413378
413380
413388
414022
414024
414030
414032
414038
414040
414050
415456
415458
415460
415466
415476
415480
415494
415496
415500
415508
415528
415530
415540
415552
415554
415562
415564
415566
415568
415596
415624
415662
415674
415676
416110
416112
416118
416120
416124
416126
416128
416130
416132
416136
416144
416166
416170
416172
416174
416178
416180
416184
416186
416188
416190
416194
416198
416200
416202
416204
416206
416208
416212
416214
416220
416222
416226
416228
416230
416232
416234
416236
416238
416240
416242
416244
416248
416330
416334
416338
416342
416346
416354
416358
416396
416398
416400
416402
416404
416406
416444
416446
416448
416450
416452
416454
416500
416506
416508
416510
416512
416514
417056
417060
417062
417064
417066
417068
417070
417074
417078
417080
417086
417092
417094
417096
417102
417104
417112
417114
417118
417120
417124
417140
417146
417148
417150
417152
417156
417158
417160
417164
417166
417168
417170
417174
417176
417178
417184
417186
417190
417194
417196
417198
417204
417206
417212
417214
417220
417222
417224
417226
417228
417230
417232
417234
417236
417238
417240
417242
417244
417250
417254
417256
417258
417260
417262
417264
417266
417268
417270
417314
417316
417318
417320
417322
417324
417430
417432
417434
417436
417440
417442
417444
417446
417448
417450
417454
417456
417726
417728
417730
417732
417734
417742
417748
417754
417756
417758
417760
417762
417772
417776
417778
417784
417786
417788
417792
417794
417796
417798
417800
417804
417806
417808
417810
417812
417824
417826
417828
417830
417832
417836
417840
418162
418164
418166
418168
418172
418174
418178
418180
418186
418188
418190
418192
418194
418196
418198
418200
418208
418212
418214
418216
418218
418220
418224
418228
418230
418232
418234
418236
418238
418240
418242
418244
418246
418248
418252
418254
418256
418260
418262
418264
418266
418272
418274
418276
418280
418284
418288
418290
418294
418298
418300
418302
418406
418412
418414
418416
418422
418424
418426
418430
418432
418968
419120
419124
419126
419128
419146
419148
419150
419152
419154
419156
419158
419160
419162
419164
419166
419170
419172
419332
419336
419340
419342
419344
419346
419348
419350
419352
419356
419358
419360
419362
419364
419366
419368
419370
419372
420464
420466
420470
420472
420632
420634
420636
420638
420640
420642
420644
420646
420648
420650
420654
420656
420666
420668
420670
420672
420676
420678
420680
420682
420684
420686
420688
420690
420692
420694
420696
420698
420700
420752
420754
420758
420760
420762
420764
420766
420806
420808
420812
420814
420838
420840
421234
421238
421240
421242
421244
421246
421248
421252
421254
421256
421258
421260
421262
421264
421268
421272
421274
421276
421278
421280
421282
421284
421286
421288
421290
421292
421294
421296
421298
421300
421302
421304
421306
421310
421312
421314
421316
421324
421326
421328
421330
421334
421336
421338
421340
421342
421344
421346
421348
421350
421352
421354
421356
421358
421360
421362
421434
421444
421558
421560
421562
421564
421566
421568
421570
421572
421574
421576
421578
421580
421582
421584
421586
421588
421590
421592
421594
421596
421760
421766
421768
421770
421808
421810
421812
421814
421816
421818
421856
421858
421862
421864
421904
421910
421914
421976
421978
421980
421982
421984
421988
421990
422020
422130
422134
422136
422140
422142
422144
422146
422148
422152
422274
422276
422278
422292
422298
422300
422302
422306
422308
422310
422560
422564
422566
422568
422572
422574
422576
422582
422584
422586
422588
422590
422592
422594
422596
422598
422600
422614
422618
422620
422622
422624
422626
422628
422632
422634
422636
422638
422640
422642
422644
422646
422648
422650
422652
422656
422658
422660
422662
422664
422666
422668
422670
422710
422712
422714
422716
422772
422776
422778
422780
422782
422784
422786
422788
423056
423058
423060
423062
423064
423066
423068
423070
423072
423074
423076
423082
423084
423086
423092
423094
423096
423098
423100
423102
423104
423106
423108
423110
423112
423116
423118
423120
423122
423124
423126
423128
423130
423132
423134
423136
423138
423140
423142
423144
423146
423148
423150
423154
423156
423158
423160
423162
423164
423166
423168
423170
423174
423176
423178
423232
423234
423236
423240
423242
423244
423246
423296
423298
423300
423302
423304
423306
423308
423310
423748
423752
423754
423756
423758
423760
423762
423764
423766
423768
423770
423772
423774
423776
423778
423782
423784
423786
423788
423790
423796
423798
423800
423802
423806
423808
423810
423812
423814
423816
423818
423820
423822
423824
423826
423828
423830
423834
423836
423838
423840
423842
423844
423846
423848
423850
423858
423860
423862
423864
423868
423872
423874
423876
423880
423884
423888
423890
423892
423894
423896
423898
423966
423968
423970
423972
423976
423978
423980
423982
423984
423986
423988
423990
424136
424570
424572
424576
424578
424580
424586
424590
424592
424596
424598
424600
424602
424604
424608
424610
424612
424614
424616
424618
424622
424624
424626
424628
424630
424634
424636
424638
424640
424642
424644
424646
424648
424650
424652
424654
424656
424658
424660
424662
424664
424666
424668
424670
424672
424674
424678
424682
424684
424686
424688
424690
424692
424694
424696
424698
424700
424702
424704
424708
424710
424712
424714
424716
424718
424720
424722
424724
424726
424730
424732
424734
424736
424738
424740
424742
424744
424746
424748
424750
424752
424754
424756
424758
424760
424762
424766
424768
424770
424870
424872
424874
424876
424878
424930
424932
424934
424936
424938
424940
424942
424944
425094
425096
425104
425106
425110
425112
425114
425118
425120
425122
425124
425126
425128
425132
425136
425142
425144
425146
425148
425150
425152
425154
425156
425158
425160
425282
425284
425292
425296
425298
425300
425302
425304
425306
425308
425310
425312
425314
425316
425318
425320
425324
425326
425334
425480
425482
425490
425492
425498
425500
425504
425506
425508
425510
425512
425514
425516
425520
425522
425524
425526
425528
425530
425532
425536
425540
425542
425544
425682
425684
425692
425694
425700
425702
425706
425708
425710
425712
425714
425716
425718
425724
425726
425728
425730
425734
425740
425742
426492
426494
426496
426498
426500
426502
426504
426506
426508
426514
426520
426522
426524
426526
426528
426530
426534
426536
426538
426540
426542
426544
426546
426548
426552
426554
426556
426558
426560
426562
426564
426566
426568
426572
426574
426576
426578
426580
426582
426584
426586
426588
426590
426592
426594
426596
426598
426600
426602
426604
426606
426608
426610
426612
426614
426616
426618
426620
426622
426624
426626
426628
426630
426632
426634
426640
426642
426646
426648
426650
426652
426654
426656
426666
426668
426670
426672
426676
426678
426680
426682
426684
426686
426688
426690
426692
426694
426696
426698
426700
426702
426704
426706
426708
426710
426712
426714
426716
426718
426720
426722
426724
426726
426940
426942
426948
426950
426954
426956
426960
426966
427008
427010
427012
427074
427076
427078
427080
427086
427090
427092
427170
427172
427174
427178
427180
427182
427184
427186
427188
427190
427192
427194
427566
427568
427570
427572
427574
427576
427578
427580
427582
427584
427586
427588
427590
427592
427594
427596
427600
427604
427608
427612
427618
427620
427624
427626
427628
427630
427632
427634
427636
427638
427640
427642
427644
427646
427648
427650
427652
427654
427658
427660
427662
427664
427666
427668
427670
427672
427676
427678
427680
427686
427688
427690
427694
427698
427704
427720
427722
427724
427726
427728
427780
427784
427786
427788
427792
427828
427830
427834
427836
427924
427926
427928
427930
427932
427934
427936
427938
427940
427942
427944
428302
428304
428306
428310
428318
428320
428322
428324
428326
428328
428332
428336
428338
428346
428348
428350
428352
428354
428358
428364
428366
428368
428372
428378
428380
428388
428390
428394
428396
428402
428404
428406
428410
428412
428414
428420
428422
428424
428426
428428
428430
428432
428434
428436
428438
428440
428442
428446
428448
428450
428452
428454
428456
428458
428460
428462
428464
428468
428494
428496
428536
428538
428540
428542
428544
428750
428752
428758
428762
428772
428774
428776
428782
428784
428790
428796
428798
428802
428804
428806
428808
428810
428812
428814
428816
428820
428822
428826
428828
428830
428838
428890
428892
428898
428900
428904
428960
428964
428968
429482
429488
429504
429784
430832
431438
436170
436172
436174
436176
436178
436180
436182
436184
436186
436188
436272
436274
436276
436278
436280
436282
436284
436286
436288
436290
436292
436294
436372
436374
436376
436378
436380
436382
436384
436386
436388
436390
436394
436396
436398
442448
442450
442456
442462
442464
442468
442476
442478
442480
442484
442486
442810
442820
442832
443210
443212
443216
443228
443238
443240
443250
443252
443256
443260
443262
443264
443266
443268
443270
443272
443274
443276
443282
443284
443288
443290
443292
443296
443300
443302
443306
443310
443312
443314
443316
443716
443718
443722
443724
443726
443728
443730
443732
443734
443748
443750
443752
443754
443756
443764
443776
443780
443784
443786
443788
443790
443792
443794
443796
443798
443800
443802
443806
443808
443816
443818
443820
443822
443824
443828
443832
443834
443836
444156
444160
444166
444168
444170
444186
444198
444206
444208
444210
444216
444218
444224
444226
444232
444234
444238
444240
444242
444244
444246
444248
444250
444256
444258
444262
444264
444268
444270
444276
444286
444288
444290
444594
444598
444606
444614
444620
444622
444628
444630
444636
444644
444646
444648
444652
444654
444658
444660
444662
444664
444666
444668
444670
444674
444676
444678
444680
444682
444684
444686
444688
444690
444692
444694
444696
444698
444702
444704
444706
444710
444712
444716
444718
444720
444966
444968
444976
444990
445000
445002
445006
445012
445014
445016
445018
445020
445022
445024
445026
445028
445032
445034
445036
445040
445042
445046
445048
445052
445054
445056
445058
445628
445638
445656
445660
445662
445664
445666
445728
445730
445732
445734
445736
445738
445740
445742
445744
445748
445750
445770
445774
445776
445780
445782
446064
446066
446068
446074
446080
446088
446096
446098
446100
446102
446112
446122
446126
446128
446130
446132
446134
446136
446138
446142
446144
446146
446150
446152
446154
446156
446158
446160
446162
446164
446168
446170
446172
446812
446816
446818
446824
446826
446832
446838
446844
446846
446848
446852
446854
446936
446938
446940
446942
446944
446946
446948
446950
446962
449470
449500
449502
449504
449630
449632
449636
449640
449644
449648
449662
449664
449668
451848
451852
451856
451862
451866
451870
452848
453312
453314
453316
453318
453320
453322
453324
453328
453330
453332
453336
453340
453344
483904
483906
483908
483952
483956
483976
483984
484096
484098
484100
484158
484160
484166
484172
484178
484216
484222
484224
484230
484232
498094
498156
498160
498164
498168
498262
500774
500980
503634
503778
503814
503846
503890
503914
503918
503926
504104
504124
504152
505788
506476
506544
