7640
24698
24702
24706
24710
24722
24726
24730
24734
55802
229310
229346
229348
229350
229352
229354
229356
231070
231092
231094
231816
231916
231918
231920
231922
231924
231932
231934
251346
252694
257614
258416
269986
270752
272845
273316
273318
273320
273598
289588
316210
316212
324198
324200
324202
324204
324206
324208
324210
324212
324214
324216
324218
324220
324222
324224
324226
324228
324230
324232
324234
324236
324238
324240
324242
324244
324246
324248
324250
324252
324254
324256
324258
324262
324264
324266
324268
324272
324274
324276
324278
324280
324282
324284
324286
324288
324290
324736
324738
324740
324742
324744
324746
324748
324750
324752
324754
324756
324758
325078
325082
325084
325088
325092
325096
326400
326402
326404
326406
326408
326410
326412
326414
326416
326418
326420
326422
326424
326426
326430
326432
326434
326436
326438
326440
326442
326444
326446
326448
326450
326452
326454
326456
326458
326460
326462
326464
326466
326468
326470
326472
327044
327046
327048
327050
327052
327054
327056
327058
327060
327062
327064
327066
327068
327070
327072
327074
327076
327078
327080
327082
327084
327086
327088
327090
327092
327094
327096
327150
327716
327718
327720
327722
327724
327726
327728
327730
327732
327734
327736
328460
328462
328464
328466
328468
328470
328472
328474
328476
328478
328480
328482
328484
328486
328488
328490
328492
328494
328496
328498
328500
328502
328504
328506
328544
328546
328548
328550
328554
334678
334778
334780
334782
379446
379448
379450
379452
379454
379456
379458
379460
379462
379464
379466
379468
379470
379472
379474
379476
379478
379482
379484
379488
382270
406170
406178
406180
425108
425116
425140
498094
